,1550139635399676,1550139635568485,77.77,0*ab
wru,0,0.007,0.13,-25,-89*d7
wru,1,-0.000,0.13,-25,-98*44
wru,2,0.004,0.13,-26,-93*22
wru,3,0.012,0.13,-25,-85*4a
wrp,1550139635.517,-3.78,0.69,7.46,2.7,84.7,53.8,94.6,0*83
wrx,78.74,0.003,0.017,0.016,0.002,0.10,y,0*60
wrt,0.13,0.13,0.13,0.13*9c
wrz,0.003,0.017,0.016,y,0.10,0.002,2.1447910967253847e-06;-2.4017219857341843e-07;-6.504593841327733e-08;-2.4017219857341843e-07;3.97103622162831e-06;8.098907073872397e-07;-6.504593841327733e-08;8.098907073872397e-07;3.633744256603677e-07,1550139635477450,1550139635688534,78.74,0*2f
wru,0,0.018,0.13,-25,-90*c0
wru,1,0.009,0.13,-26,-98*22
wru,2,0.011,0.13,-26,-92*e8
wru,3,0.021,0.13,-26,-85*1c
wrx,77.84,-0.001,0.014,0.010,0.002,0.10,y,0*13
wrt,0.13,0.13,0.13,0.13*9c
wrz,-0.001,0.014,0.010,y,0.10,0.002,2.255403614981333e-06;6.241941963303077e-10;-8.713524835002318e-08;6.241941963303077e-10;3.013584773725597e-06;4.604238199590327e-07;-8.713524835002318e-08;4.604238199590327e-07;2.696896501674928e-07,1550139635556190,1550139635689367,77.84,0*2a
wru,0,0.013,0.13,-25,-91*d2
wru,1,0.006,0.13,-27,-98*c8
wru,2,0.005,0.13,-25,-92*66
wru,3,0.013,0.13,-26,-85*09
wrx,78.82,-0.005,-0.003,-0.006,0.002,0.10,y,0*85
wrt,0.13,0.13,0.13,0.13*9c
wrz,-0.005,-0.003,-0.006,y,0.10,0.002,2.6173001970164478e-06;-4.485545730403828e-07;-8.981933774521167e-08;-4.485545730403828e-07;3.260430503360112e-06;4.341499106885749e-07;-8.981933774521167e-08;4.341499106885749e-07;2.8011385211357265e-07,1550139635634034,1550139635808653,78.82,0*b5
wru,0,-0.005,0.13,-25,-90*c0
wru,1,-0.004,0.13,-28,-98*2d
wru,2,-0.006,0.13,-26,-93*c8
wru,3,-0.008,0.13,-26,-85*66
wrp,1550139635.744,-3.78,0.69,7.46,2.7,83.9,53.0,93.4,0*fe
wrx,76.59,-0.004,-0.014,-0.009,0.002,0.10,n,0*d0
wrt,0.13,0.13,0.13,0.13*9c
wrz,-0.004,-0.014,-0.009,n,0.10,0.002,2.6158031687373295e-06;-4.4431254764276673e-07;-1.5153774768350559e-07;-4.4431254764276673e-07;3.538863438734552e-06;5.591144827121752e-07;-1.5153774768350559e-07;5.591144827121752e-07;3.1170264946922543e-07,1550139635712848,1550139635809599,76.59,0*a1
wru,0,-0.011,0.13,-25,-89*c2
wru,1,-0.003,0.13,-27,-98*a8
wru,2,-0.005,0.13,-26,-90*e9
wru,3,-0.013,0.13,-26,-84*c1
wrx,83.00,0.001,-0.011,0.003,0.002,0.10,y,0*f7
wrt,0.13,0.13,0.13,0.13*9c
wrz,0.001,-0.011,0.003,y,0.10,0.002,2.226716787845362e-06;-3.912851695986319e-07;-7.120497258483738e-08;-3.912851695986319e-07;3.574428092179005e-06;6.347595444822218e-07;-7.120497258483738e-08;6.347595444822218e-07;3.0317400501189695e-07,1550139635789435,1550139635928620,83.00,0*ce
wru,0,-0.000,0.13,-25,-88*95
wru,1,0.006,0.13,-27,-96*e2
wru,2,0.007,0.13,-25,-91*a2
wru,3,0.001,0.13,-26,-84*76
wrx,84.96,0.002,0.012,0.004,0.002,0.10,y,0*cd
wrt,0.13,0.13,0.13,0.13*9c
wrz,0.002,0.012,0.004,y,0.10,0.002,2.5205617930623703e-06;-2.572632524788787e-07;-7.592236528353169e-08;-2.572632524788787e-07;3.890230345859891e-06;6.802985694775998e-07;-7.592236528353169e-08;6.802985694775998e-07;3.339033014526649e-07,1550139635872432,1550139636048566,84.96,0*20
wru,0,0.005,0.13,-25,-88*1d
wru,1,-0.000,0.13,-28,-96*9a
wru,2,0.001,0.13,-26,-91*54
wru,3,0.007,0.13,-26,-83*33
wrp,1550139635.967,-3.78,0.69,7.46,2.7,83.9,53.0,93.5,0*55
wrx,78.04,-0.001,-0.009,-0.004,0.002,0.10,y,0*0a
wrt,0.13,0.13,0.13,0.13*9c
wrz,-0.001,-0.009,-0.004,y,0.10,0.002,2.4939495233411435e-06;-3.126155263544206e-07;-2.2954078815473622e-07;-3.126155263544206e-07;3.904969162249472e-06;7.428050139424158e-07;-2.2954078815473622e-07;7.428050139424158e-07;3.534898098678241e-07,1550139635957401,1550139636168579,78.04,0*8e
wru,0,-0.003,0.13,-25,-88*bd
wru,1,-0.001,0.13,-28,-97*78
wru,2,-0.001,0.13,-26,-90*74
wru,3,-0.007,0.13,-26,-83*fc
wrx,75.98,-0.000,-0.012,-0.011,0.002,0.10,y,0*26
wrt,0.13,0.13,0.13,0.13*9c
wrz,-0.000,-0.012,-0.011,y,0.10,0.002,2.17351862374926e-06;-3.435478390656499e-07;-1.0485707946372713e-07;-3.435478390656499e-07;3.4565248370199697e-06;6.342033884720877e-07;-1.0485707946372713e-07;6.342033884720877e-07;3.0721992061444325e-07,1550139636035431,1550139636169403,75.98,0*ef
wru,0,-0.013,0.13,-25,-90*25
wru,1,-0.007,0.13,-28,-97*28
wru,2,-0.007,0.13,-25,-93*8b
wru,3,-0.013,0.13,-26,-85*c6
wrx,87.34,0.007,-0.018,-0.007,0.002,0.10,y,0*41
wrt,0.13,0.13,0.13,0.13*9c
wrz,0.007,-0.018,-0.007,y,0.10,0.002,1.992994839383755e-06;-1.922189056813295e-07;-1.0029623354057549e-07;-1.922189056813295e-07;3.7605068428092636e-06;7.688969958508096e-07;-1.0029623354057549e-07;7.688969958508096e-07;3.282905538526393e-07,1550139636111413,1550139636288675,87.34,0*6e
wru,0,-0.013,0.13,-26,-87*83
wru,1,-0.004,0.13,-27,-96*37
wru,2,0.000,0.13,-25,-91*17
wru,3,-0.010,0.13,-26,-83*fc
wrp,1550139636.192,-3.78,0.69,7.46,2.7,84.1,53.8,94.4,0*66
wrx,78.35,0.005,-0.011,-0.003,0.002,0.10,y,0*86
wrt,0.13,0.13,0.13,0.13*9c
wrz,0.005,-0.011,-0.003,y,0.10,0.002,2.638425712575554e-06;-6.163787702462287e-07;-5.253219015344257e-08;-6.163787702462287e-07;4.231161710777087e-06;7.504501127186813e-07;-5.253219015344257e-08;7.504501127186813e-07;3.51809546828008e-07,1550139636198755,1550139636418534,78.35,0*df
wru,0,-0.008,0.13,-26,-90*23
wru,1,-0.001,0.13,-27,-99*62
wru,2,0.001,0.13,-25,-94*e9
wru,3,-0.005,0.13,-26,-85*23
wrx,77.84,-0.002,-0.005,-0.009,0.002,0.10,y,0*cf
wrt,0.13,0.13,0.13,0.13*9c
wrz,-0.002,-0.005,-0.009,y,0.10,0.002,3.16427713187295e-06;-1.2204199038023944e-06;-6.28871319463542e-08;-1.2204199038023944e-06;4.347069079813082e-06;6.355212462949567e-07;-6.28871319463542e-08;6.355212462949567e-07;3.418981293634715e-07,1550139636277095,1550139636419418,77.84,0*21
wru,0,-0.007,0.13,-26,-89*81
wru,1,-0.007,0.13,-26,-98*57
wru,2,-0.007,0.13,-25,-94*9e
wru,3,-0.011,0.13,-25,-85*ad
wrp,1550139636.393,-3.79,0.69,7.46,2.7,84.2,54.0,94.6,0*b4
wrx,79.25,0.004,0.002,-0.005,0.002,0.10,y,0*d5
wrt,0.13,0.13,0.13,0.13*9c
wrz,0.004,0.002,-0.005,y,0.10,0.002,3.408035581742297e-06;-1.773381995917589e-06;-9.75011857917707e-08;-1.773381995917589e-06;4.250627171131782e-06;5.012680048821494e-07;-9.75011857917707e-08;5.012680048821494e-07;2.907727889578382e-07,1550139636354929,1550139636538920,79.25,0*d2
wru,0,-0.003,0.13,-26,-91*31
wru,1,-0.007,0.13,-25,-99*f6
wru,2,-0.004,0.13,-25,-94*b6
wru,3,-0.004,0.13,-25,-87*6e
wrx,75.40,-0.002,0.001,-0.005,0.003,0.10,y,0*90
wrt,0.13,0.13,0.13,0.13*9c
wrz,-0.002,0.001,-0.005,y,0.10,0.003,4.6846862460370176e-06;-2.3373609110421967e-06;2.634664042489021e-07;-2.3373609110421967e-06;4.875277227256447e-06;3.6342700582281395e-07;2.634664042489021e-07;3.6342700582281395e-07;3.349875612457254e-07,1550139636434058,1550139636539868,75.40,0*85
wru,0,-0.002,0.13,-27,-88*9c
wru,1,-0.004,0.13,-26,-98*7f
wru,2,-0.004,0.13,-25,-92*a4
wru,3,-0.005,0.13,-25,-86*8c
wrx,78.82,-0.010,0.000,0.004,0.002,0.10,y,0*cb
wrt,0.13,0.13,0.13,0.13*9c
wrz,-0.010,0.000,0.004,y,0.10,0.002,3.864098744088551e-06;-1.8580707319415524e-06;9.731880368235579e-08;-1.8580707319415524e-06;4.192182132101152e-06;3.2667267646502296e-07;9.731880368235579e-08;3.2667267646502296e-07;2.8720000955217984e-07,1550139636509606,1550139636658521,78.82,0*34
wru,0,0.008,0.13,-26,-87*d3
wru,1,0.006,0.13,-26,-98*aa
wru,2,0.002,0.13,-25,-92*d3
wru,3,0.001,0.13,-25,-84*d0
wrp,1550139636.617,-3.79,0.69,7.46,2.7,84.2,54.2,94.2,0*7d
wrx,80.33,-0.008,-0.002,0.004,0.002,0.10,y,0*a2
wrt,0.13,0.13,0.13,0.13*9c
wrz,-0.008,-0.002,0.004,y,0.10,0.002,3.2482696497027064e-06;-1.0661046871973667e-06;3.2978498154534464e-08;-1.0661046871973667e-06;4.436483777681133e-06;6.475622740254039e-07;3.2978498154534464e-08;6.475622740254039e-07;3.527778744683019e-07,1550139636588391,1550139636778483,80.33,0*fe
wru,0,0.006,0.13,-26,-89*94
wru,1,0.007,0.13,-25,-98*e9
wru,2,0.002,0.13,-25,-93*d4
wru,3,0.001,0.13,-25,-86*de
wrx,86.11,-0.003,0.007,-0.008,0.002,0.10,y,0*a5
wrt,0.13,0.13,0.13,0.13*9c
wrz,-0.003,0.007,-0.008,y,0.10,0.002,3.210615886928281e-06;-1.3111175576341338e-06;-9.464669403769221e-08;-1.3111175576341338e-06;3.949515757994959e-06;4.7087885945984453e-07;-9.464669403769221e-08;4.7087885945984453e-07;3.017212861777807e-07,1550139636668713,1550139636779441,86.11,0*9f
wru,0,-0.003,0.13,-26,-87*36
wru,1,-0.008,0.13,-27,-96*97
wru,2,-0.010,0.13,-25,-92*8c
wru,3,-0.007,0.13,-25,-84*4f
wrx,80.47,0.000,0.001,-0.007,0.003,0.10,y,0*3d
wrt,0.13,0.13,0.13,0.13*9c
wrz,0.000,0.001,-0.007,y,0.10,0.003,4.810338396055158e-06;-2.90342677544686e-06;1.484549905228505e-08;-2.90342677544686e-06;5.361025159800192e-06;4.1262822492171836e-07;1.484549905228505e-08;4.1262822492171836e-07;3.143425146845402e-07,1550139636754852,1550139636898532,80.47,0*7f
wru,0,-0.004,0.13,-26,-88*ae
wru,1,-0.007,0.13,-26,-97*7a
wru,2,-0.006,0.13,-25,-93*6e
wru,3,-0.007,0.13,-25,-85*48
wrp,1550139636.842,-3.79,0.69,7.46,2.7,84.3,54.3,94.4,0*da
wrx,80.76,-0.005,-0.004,-0.003,0.002,0.10,y,0*11
wrt,0.13,0.13,0.13,0.13*9c
wrz,-0.005,-0.004,-0.003,y,0.10,0.002,3.9090964492061175e-06;-1.880538775367313e-06;4.1440209486154345e-08;-1.880538775367313e-06;4.5778729145240504e-06;4.6250454488472315e-07;4.1440209486154345e-08;4.6250454488472315e-07;3.1618176876690995e-07,1550139636835332,1550139637018393,80.76,0*36
wru,0,-0.001,0.13,-26,-86*fc
wru,1,-0.001,0.13,-26,-97*2a
wru,2,-0.003,0.13,-25,-92*11
wru,3,-0.006,0.13,-25,-83*bf
wrx,74.92,-0.010,-0.006,0.007,0.002,0.10,y,0*22
wrt,0.13,0.13,0.13,0.13*9c
wrz,-0.010,-0.006,0.007,y,0.10,0.002,2.930129994638264e-06;-1.2663480219998746e-06;-9.43614186788011e-10;-1.2663480219998746e-06;3.274207756476244e-06;2.810621708704275e-07;-9.43614186788011e-10;2.810621708704275e-07;2.3767032075738825e-07,1550139636916075,1550139637019478,74.92,0*ba
wru,0,0.009,0.13,-27,-89*7e
wru,1,0.011,0.13,-25,-97*21
wru,2,0.006,0.13,-25,-93*49
wru,3,0.001,0.13,-25,-86*de
wrp,1550139637.067,-3.79,0.69,7.46,2.7,83.0,54.5,93.3,0*2f
wrx,80.99,-0.010,0.003,0.010,0.002,0.10,y,0*0c
wrt,0.13,0.13,0.13,0.13*9c
wrz,-0.010,0.003,0.010,y,0.10,0.002,2.443979383315309e-06;-8.774044317760854e-07;-1.5541900211246684e-07;-8.774044317760854e-07;3.1097233659238555e-06;4.3716505615520873e-07;-1.5541900211246684e-07;4.3716505615520873e-07;2.58816413634122e-07,1550139636991006,1550139637148865,80.99,0*7d
wru,0,0.015,0.13,-27,-86*46
wru,1,0.011,0.13,-26,-95*89
wru,2,0.006,0.13,-25,-91*47
wru,3,0.007,0.13,-25,-83*95
wrx,81.15,-0.009,0.012,0.001,0.002,0.10,y,0*3e
wrt,0.13,0.13,0.13,0.13*9c
wrz,-0.009,0.012,0.001,y,0.10,0.002,1.98542056750739e-06;-5.520366812561406e-07;-1.0310397158264095e-07;-5.520366812561406e-07;3.3243636607949156e-06;6.170878918965172e-07;-1.0310397158264095e-07;6.170878918965172e-07;2.766403497389547e-07,1550139637071994,1550139637268603,81.15,0*a5
wru,0,0.008,0.13,-26,-88*fe
wru,1,0.000,0.13,-26,-97*d7
wru,2,-0.004,0.13,-25,-92*a4
wru,3,0.002,0.13,-25,-84*f8
wrx,79.36,0.001,-0.003,0.002,0.002,0.10,y,0*6a
wrt,0.13,0.13,0.13,0.13*9c
wrz,0.001,-0.003,0.002,y,0.10,0.002,1.82895735179045e-06;-3.447359517849691e-07;-1.0578903442137744e-07;-3.447359517849691e-07;3.2937884952843888e-06;6.516675625789503e-07;-1.0578903442137744e-07;6.516675625789503e-07;2.8349202807476104e-07,1550139637153135,1550139637269244,79.36,0*a4
wru,0,0.000,0.13,-26,-87*ee
wru,1,0.003,0.13,-27,-98*b0
wru,2,0.003,0.13,-25,-91*3f
wru,3,0.002,0.13,-26,-83*4b
wrp,1550139637.292,-3.79,0.69,7.46,2.7,83.5,53.9,93.7,0*ca
wrx,77.40,-0.004,0.002,-0.005,0.002,0.10,y,0*3c
wrt,0.13,0.13,0.13,0.13*9c
wrz,-0.004,0.002,-0.005,y,0.10,0.002,2.1149498934391886e-06;-3.2281485573548707e-07;-1.3609307814022031e-07;-3.2281485573548707e-07;3.47760123986518e-06;6.567539116986154e-07;-1.3609307814022031e-07;6.567539116986154e-07;3.056993023164978e-07,1550139637232510,1550139637389033,77.40,0*14
wru,0,-0.004,0.13,-26,-90*83
wru,1,-0.004,0.13,-27,-99*1a
wru,2,-0.006,0.13,-25,-93*6e
wru,3,-0.005,0.13,-26,-86*2a
wrx,76.45,-0.002,-0.003,0.001,0.002,0.10,y,0*1c
wrt,0.13,0.13,0.13,0.13*9c
wrz,-0.002,-0.003,0.001,y,0.10,0.002,2.1929449758317787e-06;-6.137491936897277e-07;-1.3259031561574375e-07;-6.137491936897277e-07;3.6176281810185174e-06;6.704582915517676e-07;-1.3259031561574375e-07;6.704582915517676e-07;3.0355428748407576e-07,1550139637309907,1550139637508340,76.45,0*11
wru,0,0.002,0.13,-26,-87*23
wru,1,0.002,0.13,-26,-97*1a
wru,2,0.001,0.13,-25,-91*f2
wru,3,-0.001,0.13,-26,-83*ac
wrx,78.51,-0.002,0.009,0.001,0.002,0.10,y,0*5a
wrt,0.13,0.13,0.13,0.13*9c
wrz,-0.002,0.009,0.001,y,0.10,0.002,2.223359842901118e-06;-5.054694725004083e-07;-1.1966545798713923e-07;-5.054694725004083e-07;3.4624652016645996e-06;6.129507141849899e-07;-1.1966545798713923e-07;6.129507141849899e-07;2.929935192241828e-07,1550139637386355,1550139637509386,78.51,0*64
wru,0,0.003,0.13,-25,-87*60
wru,1,-0.001,0.13,-27,-97*48
wru,2,-0.002,0.13,-25,-90*fa
wru,3,0.003,0.13,-25,-82*0f
wrp,1550139637.517,-3.79,0.69,7.46,2.7,85.0,53.2,93.6,0*09
wrx,85.55,0.003,0.023,-0.001,0.002,0.10,y,0*22
wrt,0.13,0.13,0.13,0.13*9c
wrz,0.003,0.023,-0.001,y,0.10,0.002,2.3471152417187113e-06;-8.68659526531701e-07;-9.38329876021271e-08;-8.68659526531701e-07;3.83193901143386e-06;6.6069412696379e-07;-9.38329876021271e-08;6.6069412696379e-07;3.001841832883656e-07,1550139637464870,1550139637628754,85.55,0*2c
wru,0,0.006,0.13,-25,-88*35
wru,1,-0.008,0.13,-29,-95*cc
wru,2,-0.006,0.13,-25,-90*67
wru,3,0.006,0.13,-26,-82*d1
wrx,79.40,0.003,-0.000,-0.001,0.002,0.11,y,0*31
wrt,0.13,0.14,0.13,0.13*c1
wrz,0.003,-0.000,-0.001,y,0.11,0.002,1.8733045408225735e-06;-1.173136865872948e-06;-3.420077021587531e-08;-1.173136865872948e-06;3.6822275433223695e-06;6.781477850381634e-07;-3.420077021587531e-08;6.781477850381634e-07;2.536384329232533e-07,1550139637550423,1550139637748296,79.40,0*e6
wru,0,0.003,0.13,-25,-92*6e
wru,1,-0.002,0.14,-29,-96*5d
wru,2,0.000,0.13,-25,-93*19
wru,3,-0.002,0.13,-26,-86*9f
wrx,76.69,-0.021,-0.009,-0.016,0.002,0.11,y,0*71
wrt,0.13,0.14,0.13,0.13*c1
wrz,-0.021,-0.009,-0.016,y,0.11,0.002,1.5120101579668699e-06;-4.4158238665659155e-07;1.05725661114775e-07;-4.4158238665659155e-07;2.369635240029311e-06;4.3655185777424776e-07;1.05725661114775e-07;4.3655185777424776e-07;2.1834536312326236e-07,1550139637629825,1550139637749451,76.69,0*3e
wru,0,-0.011,0.13,-25,-92*e6
wru,1,-0.006,0.14,-29,-96*c0
wru,2,-0.018,0.13,-25,-93*b6
wru,3,-0.023,0.13,-26,-86*17
wrp,1550139637.744,-3.79,0.69,7.47,2.7,86.7,54.1,94.7,0*db
wrx,77.19,-0.008,-0.023,-0.001,0.002,0.10,y,0*ad
wrt,0.13,0.13,0.13,0.13*9c
wrz,-0.008,-0.023,-0.001,y,0.10,0.002,1.9941699065384455e-06;-7.105298323040188e-07;2.2050310022336816e-08;-7.105298323040188e-07;2.815599827954429e-06;4.1208221546185086e-07;2.2050310022336816e-08;4.1208221546185086e-07;2.1480573764165456e-07,1550139637706531,1550139637869099,77.19,0*fe
wru,0,-0.006,0.13,-25,-90*e8
wru,1,0.007,0.13,-27,-95*0e
wru,2,0.002,0.13,-26,-92*75
wru,3,-0.009,0.13,-25,-84*22
wrx,76.68,0.005,-0.000,-0.006,0.002,0.10,y,0*c7
wrt,0.13,0.13,0.13,0.13*9c
wrz,0.005,-0.000,-0.006,y,0.10,0.002,1.6701951608411036e-06;-5.699376401935297e-07;-9.052901539519098e-09;-5.699376401935297e-07;2.3745305952616036e-06;3.6359489286041935e-07;-9.052901539519098e-09;3.6359489286041935e-07;1.9085904057192238e-07,1550139637783720,1550139637988279,76.68,0*7f
wru,0,-0.008,0.13,-25,-89*af
wru,1,-0.007,0.13,-26,-96*7d
wru,2,-0.005,0.13,-26,-91*ee
wru,3,-0.004,0.13,-25,-84*67
wrx,78.02,0.001,0.003,-0.017,0.002,0.10,y,0*b9
wrt,0.13,0.13,0.13,0.13*9c
wrz,0.001,0.003,-0.017,y,0.10,0.002,2.25726944336202e-06;-7.075582288962323e-07;1.0625231539052038e-07;-7.075582288962323e-07;3.3031360544555355e-06;5.365262722989428e-07;1.0625231539052038e-07;5.365262722989428e-07;2.978593443003774e-07,1550139637860389,1550139637989300,78.02,0*69
wru,0,-0.016,0.13,-25,-90*5d
wru,1,-0.017,0.13,-26,-96*c8
wru,2,-0.016,0.13,-26,-93*7d
wru,3,-0.014,0.13,-25,-86*dc
wrp,1550139637.944,-3.79,0.69,7.46,2.7,88.9,54.3,96.9,0*4f
wrx,77.51,0.005,-0.014,-0.000,0.002,0.10,y,0*72
wrt,0.13,0.13,0.13,0.13*9c
wrz,0.005,-0.014,-0.000,y,0.10,0.002,2.070727305181208e-06;-1.4155263272641605e-07;4.3396497062531125e-08;-1.4155263272641605e-07;2.5155463845294435e-06;3.0610189583057945e-07;4.3396497062531125e-08;3.0610189583057945e-07;2.1423259966013575e-07,1550139637938411,1550139638108660,77.51,0*3c
wru,0,-0.006,0.13,-25,-90*e8
wru,1,0.002,0.13,-26,-96*1d
wru,2,0.005,0.13,-26,-92*c0
wru,3,-0.003,0.13,-26,-84*74
wrx,83.71,0.013,-0.023,0.009,0.002,0.10,y,0*3c
wrt,0.13,0.13,0.13,0.13*9c
wrz,0.013,-0.023,0.009,y,0.10,0.002,2.0421775843715295e-06;-6.459126211666444e-07;-1.1772137931131965e-08;-6.459126211666444e-07;2.9482157515303697e-06;4.310187193823367e-07;-1.1772137931131965e-08;4.310187193823367e-07;2.3995582409952476e-07,1550139638015902,1550139638228567,83.71,0*df
wru,0,-0.001,0.13,-25,-88*70
wru,1,0.011,0.13,-27,-95*eb
wru,2,0.018,0.13,-26,-90*3e
wru,3,0.005,0.13,-26,-82*f9
wrp,1550139638.145,-3.79,0.69,7.46,2.7,88.6,54.1,97.1,0*96
wrx,79.73,0.005,0.003,-0.012,0.002,0.10,y,0*8f
wrt,0.13,0.13,0.13,0.13*9c
wrz,0.005,0.003,-0.012,y,0.10,0.002,4.148547304794192e-06;-1.4215904684533598e-06;1.8021518144450965e-07;-1.4215904684533598e-06;4.77638968732208e-06;5.17619753281906e-07;1.8021518144450965e-07;5.17619753281906e-07;3.912496424618439e-07,1550139638099625,1550139638229678,79.73,0*b8
wru,0,-0.012,0.13,-25,-89*ea
wru,1,-0.014,0.13,-26,-98*ca
wru,2,-0.011,0.13,-25,-93*6e
wru,3,-0.009,0.13,-25,-85*25
wrx,75.37,0.011,-0.021,-0.016,0.002,0.10,y,0*0f
wrt,0.13,0.13,0.13,0.13*9c
wrz,0.011,-0.021,-0.016,y,0.10,0.002,4.339390670793364e-06;-1.4457343695539748e-06;1.3737668780322565e-07;-1.4457343695539748e-06;4.747396815218963e-06;4.349960818217369e-07;1.3737668780322565e-07;4.349960818217369e-07;3.925912892555061e-07,1550139638179354,1550139638348319,75.37,0*50
wru,0,-0.023,0.13,-25,-89*d7
wru,1,-0.011,0.13,-26,-97*9f
wru,2,-0.006,0.13,-26,-92*cf
wru,3,-0.017,0.13,-25,-84*fa
wrx,77.30,0.009,0.004,-0.019,0.002,0.11,y,0*69
wrt,0.13,0.14,0.14,0.13*1e
wrz,0.009,0.004,-0.019,y,0.11,0.002,2.6899999738816405e-06;-3.610697660860751e-07;1.0003130057611997e-07;-3.610697660860751e-07;2.848232497854042e-06;2.2447278524850844e-07;1.0003130057611997e-07;2.2447278524850844e-07;2.8064192747478955e-07,1550139638254725,1550139638468567,77.30,0*06
wru,0,-0.018,0.13,-25,-90*30
wru,1,-0.021,0.14,-24,-96*ec
wru,2,-0.016,0.14,-26,-93*15
wru,3,-0.014,0.13,-25,-85*d5
wrp,1550139638.367,-3.79,0.69,7.46,2.7,88.2,54.0,97.6,0*f0
wrx,77.36,0.008,-0.005,-0.002,0.002,0.11,y,0*a5
wrt,0.13,0.14,0.14,0.13*1e
wrz,0.008,-0.005,-0.002,y,0.11,0.002,2.6581678866932634e-06;-1.1045353858207818e-06;2.414061839317583e-07;-1.1045353858207818e-06;2.398368906142423e-06;1.0557769059005295e-07;2.414061839317583e-07;1.0557769059005295e-07;1.8909484822415834e-07,1550139638332004,1550139638469568,77.36,0*2a
wru,0,-0.006,0.13,-25,-89*c2
wru,1,-0.003,0.14,-25,-98*04
wru,2,0.001,0.14,-25,-95*86
wru,3,-0.001,0.13,-25,-86*11
wrx,82.62,-0.006,-0.020,-0.007,0.002,0.11,y,0*83
wrt,0.13,0.14,0.14,0.13*1e
wrz,-0.006,-0.020,-0.007,y,0.11,0.002,2.159605855922564e-06;-6.081611445551971e-07;1.7367369764542673e-07;-6.081611445551971e-07;2.2011829514667625e-06;1.8745859620139527e-07;1.7367369764542673e-07;1.8745859620139527e-07;1.8884506403082923e-07,1550139638409381,1550139638588551,82.62,0*10
wru,0,-0.011,0.13,-25,-89*c2
wru,1,0.000,0.14,-25,-96*1e
wru,2,-0.004,0.14,-25,-92*cc
wru,3,-0.013,0.13,-26,-83*d4
wrx,81.22,-0.001,-0.012,-0.007,0.002,0.11,y,0*bb
wrt,0.13,0.14,0.14,0.14*0b
wrz,-0.001,-0.012,-0.007,y,0.11,0.002,1.8381791733190767e-06;-6.702296104776906e-07;-5.784124823549064e-08;-6.702296104776906e-07;2.0580037016770802e-06;1.9726120115137746e-07;-5.784124823549064e-08;1.9726120115137746e-07;1.6150438852946536e-07,1550139638491878,1550139638708589,81.22,0*05
wru,0,-0.011,0.13,-25,-88*c5
wru,1,-0.003,0.14,-26,-96*88
wru,2,-0.004,0.14,-25,-91*c5
wru,3,-0.010,0.14,-26,-84*81
wrp,1550139638.592,-3.79,0.68,7.46,2.7,88.5,54.9,98.3,0*28
wrx,82.17,0.007,0.006,-0.004,0.002,0.11,y,0*aa
wrt,0.13,0.14,0.14,0.14*0b
wrz,0.007,0.006,-0.004,y,0.11,0.002,1.7532927358843153e-06;-5.881652782591118e-07;2.1503094416175372e-08;-5.881652782591118e-07;1.8800361658577458e-06;1.357065286811121e-07;2.1503094416175372e-08;1.357065286811121e-07;1.4578812113086315e-07,1550139638572429,1550139638709875,82.17,0*75
wru,0,-0.004,0.13,-25,-90*25
wru,1,-0.007,0.14,-27,-97*70
wru,2,-0.004,0.14,-25,-92*cc
wru,3,-0.000,0.14,-26,-84*34
wrx,78.28,0.005,0.004,0.003,0.002,0.12,y,0*8a
wrt,0.13,0.15,0.14,0.14*14
wrz,0.005,0.004,0.003,y,0.12,0.002,2.2906447156856302e-06;-1.1203969734197017e-06;1.1279287548404682e-07;-1.1203969734197017e-06;2.6727254862635164e-06;2.9116711175447563e-07;1.1279287548404682e-07;2.9116711175447563e-07;1.8816895419604407e-07,1550139638655396,1550139638828382,78.28,0*fb
wru,0,0.002,0.13,-25,-88*a8
wru,1,0.000,0.15,-30,-95*aa
wru,2,0.003,0.14,-25,-90*50
wru,3,0.005,0.14,-26,-83*96
wrp,1550139638.793,-3.79,0.68,7.46,2.7,88.6,54.7,98.5,0*20
wrx,78.22,-0.003,-0.003,-0.007,0.002,0.12,y,0*97
wrt,0.13,0.15,0.14,0.14*14
wrz,-0.003,-0.003,-0.007,y,0.12,0.002,2.3507745936512947e-06;-1.2325115221756278e-06;1.6152402793068177e-07;-1.2325115221756278e-06;2.518073642931995e-06;2.3454421693713812e-07;1.6152402793068177e-07;2.3454421693713812e-07;1.7622691927954293e-07,1550139638733682,1550139638948894,78.22,0*49
wru,0,-0.007,0.13,-25,-89*27
wru,1,-0.005,0.15,-30,-96*c3
wru,2,-0.007,0.14,-25,-92*e4
wru,3,-0.007,0.14,-26,-84*81
wrx,83.30,-0.000,-0.001,0.001,0.002,0.12,y,0*92
wrt,0.13,0.15,0.14,0.14*14
wrz,-0.000,-0.001,0.001,y,0.12,0.002,2.3815573513275012e-06;-1.2921651659780764e-06;1.9568904008337995e-07;-1.2921651659780764e-06;2.46025456362986e-06;2.2656293197087507e-07;1.9568904008337995e-07;2.2656293197087507e-07;1.6710086470084207e-07,1550139638811867,1550139638949725,83.30,0*29
wru,0,0.000,0.13,-25,-87*48
wru,1,0.002,0.15,-31,-94*02
wru,2,0.001,0.14,-25,-89*b7
wru,3,0.001,0.14,-26,-82*0c
wrx,86.47,-0.002,0.003,0.003,0.002,0.12,y,0*0c
wrt,0.13,0.15,0.14,0.14*14
wrz,-0.002,0.003,0.003,y,0.12,0.002,2.205334794780356e-06;-1.173945861410175e-06;1.7206386360157921e-07;-1.173945861410175e-06;2.381328840783681e-06;2.4286623556690756e-07;1.7206386360157921e-07;2.4286623556690756e-07;1.6482738374179462e-07,1550139638894879,1550139639068333,86.47,0*80
wru,0,0.003,0.13,-25,-87*60
wru,1,0.002,0.15,-31,-94*02
wru,2,0.001,0.14,-25,-89*b7
wru,3,0.003,0.14,-26,-82*c1
wrp,1550139639.018,-3.79,0.68,7.46,2.7,88.5,54.4,98.1,0*30
wrx,77.71,-0.002,-0.003,0.003,0.002,0.11,y,0*fe
wrt,0.13,0.14,0.14,0.14*0b
wrz,-0.002,-0.003,0.003,y,0.11,0.002,2.117309350069263e-06;-7.908096790743002e-07;1.2983001340671763e-07;-7.908096790743002e-07;2.1893961275054608e-06;1.7044369826635375e-07;1.2983001340671763e-07;1.7044369826635375e-07;1.7115944217493961e-07,1550139638981673,1550139639188618,77.71,0*d5
wru,0,0.002,0.13,-25,-89*af
wru,1,0.004,0.14,-29,-96*15
wru,2,0.002,0.14,-25,-93*bc
wru,3,0.002,0.14,-26,-85*31
wrx,75.69,0.007,0.004,0.000,0.002,0.11,y,0*76
wrt,0.13,0.14,0.14,0.14*0b
wrz,0.007,0.004,0.000,y,0.11,0.002,1.9435162812442286e-06;-6.200094730957062e-07;9.549568602551517e-08;-6.200094730957062e-07;2.0679733552242396e-06;1.739584121196458e-07;9.549568602551517e-08;1.739584121196458e-07;1.6484725051668647e-07,1550139639059383,1550139639189578,75.69,0*f6
wru,0,-0.001,0.13,-25,-90*5d
wru,1,-0.003,0.14,-28,-97*dd
wru,2,0.001,0.14,-26,-92*35
wru,3,0.003,0.14,-27,-85*b6
wrx,78.98,0.007,0.006,-0.006,0.002,0.11,y,0*e2
wrt,0.13,0.15,0.14,0.13*01
wrz,0.007,0.006,-0.006,y,0.11,0.002,2.5834160624071956e-06;-6.838668582531682e-07;3.604540950163937e-07;-6.838668582531682e-07;2.807825467243674e-06;4.380678433335561e-07;3.604540950163937e-07;4.380678433335561e-07;2.8019948672408646e-07,1550139639135080,1550139639308588,78.98,0*a4
wru,0,-0.006,0.13,-25,-90*e8
wru,1,-0.009,0.15,-29,-97*36
wru,2,-0.006,0.14,-25,-92*01
wru,3,-0.002,0.13,-26,-85*96
wrp,1550139639.267,-3.79,0.69,7.46,2.7,88.7,54.1,98.5,0*4f
wrx,83.82,-0.002,-0.000,-0.007,0.002,0.11,y,0*54
wrt,0.13,0.15,0.14,0.13*01
wrz,-0.002,-0.000,-0.007,y,0.11,0.002,4.4646340029430576e-06;-5.991589659970487e-07;8.943728744270629e-07;-5.991589659970487e-07;3.3997994250967167e-06;5.51524408365367e-07;8.943728744270629e-07;5.51524408365367e-07;4.6884107973710343e-07,1550139639214060,1550139639428519,83.82,0*87
wru,0,-0.007,0.13,-26,-89*81
wru,1,-0.006,0.15,-31,-95*80
wru,2,-0.009,0.14,-25,-91*80
wru,3,-0.005,0.13,-27,-84*46
wrx,82.10,-0.005,-0.004,-0.000,0.002,0.12,y,0*b1
wrt,0.13,0.15,0.14,0.14*14
wrz,-0.005,-0.004,-0.000,y,0.12,0.002,2.83838721770735e-06;-1.6170340586540988e-06;2.359432187404309e-07;-1.6170340586540988e-06;2.607365786388982e-06;1.3377487562138413e-07;2.359432187404309e-07;1.3377487562138413e-07;1.639327678049085e-07,1550139639297788,1550139639429330,82.10,0*13
wru,0,-0.001,0.13,-26,-88*d6
wru,1,0.002,0.15,-30,-94*60
wru,2,-0.002,0.14,-25,-89*b8
wru,3,-0.002,0.14,-27,-83*8e
wrx,78.94,-0.004,0.003,0.001,0.002,0.12,y,0*91
wrt,0.13,0.15,0.14,0.14*14
wrz,-0.004,0.003,0.001,y,0.12,0.002,2.5123931663983967e-06;-1.338024958386086e-06;2.0485992990870727e-07;-1.338024958386086e-06;2.3991592570382636e-06;1.550410217987519e-07;2.0485992990870727e-07;1.550410217987519e-07;1.6147976111824391e-07,1550139639379971,1550139639548441,78.94,0*b8
wru,0,0.001,0.13,-25,-88*80
wru,1,0.001,0.15,-29,-95*1d
wru,2,-0.002,0.14,-25,-90*92
wru,3,0.001,0.14,-27,-83*69
wrp,1550139639.492,-3.79,0.69,7.46,2.7,88.4,54.1,98.2,0*9a
wrx,77.08,-0.002,0.005,-0.001,0.002,0.11,y,0*6e
wrt,0.13,0.15,0.14,0.13*01
wrz,-0.002,0.005,-0.001,y,0.11,0.002,2.7711776056094095e-06;-7.244374842230172e-07;3.6810118331231934e-07;-7.244374842230172e-07;2.8440013011277188e-06;3.929588103801507e-07;3.6810118331231934e-07;3.929588103801507e-07;2.7658094836624514e-07,1550139639458919,1550139639668639,77.08,0*27
wru,0,0.000,0.13,-25,-89*62
wru,1,-0.002,0.15,-28,-96*46
wru,2,-0.003,0.14,-25,-92*79
wru,3,0.000,0.13,-27,-85*f6
wrx,78.46,-0.002,-0.007,0.001,0.002,0.11,y,0*41
wrt,0.13,0.15,0.14,0.13*01
wrz,-0.002,-0.007,0.001,y,0.11,0.002,3.0277660698629916e-06;-1.1183554988747346e-06;3.340278169616795e-07;-1.1183554988747346e-06;2.7989021873509046e-06;2.3493545597830234e-07;3.340278169616795e-07;2.3493545597830234e-07;2.412050150724099e-07,1550139639535992,1550139639669572,78.46,0*7d
wru,0,-0.001,0.13,-26,-89*d1
wru,1,0.003,0.15,-29,-95*d0
wru,2,0.001,0.14,-25,-93*94
wru,3,-0.001,0.13,-27,-85*dc
wrx,82.28,-0.003,-0.010,-0.002,0.002,0.11,y,0*f0
wrt,0.13,0.14,0.14,0.13*1e
wrz,-0.003,-0.010,-0.002,y,0.11,0.002,2.358167876082007e-06;-4.401743183279905e-07;2.1686207674065372e-07;-4.401743183279905e-07;2.4466896775265923e-06;2.5580277451808797e-07;2.1686207674065372e-07;2.5580277451808797e-07;2.2210139150047326e-07,1550139639614444,1550139639788337,82.28,0*f6
wru,0,-0.003,0.13,-25,-86*97
wru,1,0.002,0.14,-27,-95*1e
wru,2,0.000,0.14,-25,-89*52
wru,3,-0.005,0.13,-27,-82*54
wrp,1550139639.692,-3.79,0.68,7.46,2.7,88.4,54.5,98.0,0*a6
wrx,77.65,-0.004,-0.002,0.002,0.002,0.11,y,0*a4
wrt,0.13,0.14,0.14,0.14*0b
wrz,-0.004,-0.002,0.002,y,0.11,0.002,2.1602299966616556e-06;-8.642049920126738e-07;4.7455898766202154e-08;-8.642049920126738e-07;2.3193031211121706e-06;1.716291677666959e-07;4.7455898766202154e-08;1.716291677666959e-07;1.7075127800580958e-07,1550139639696724,1550139639908628,77.65,0*ed
wru,0,0.002,0.13,-25,-89*af
wru,1,0.004,0.14,-27,-96*47
wru,2,0.001,0.14,-25,-92*93
wru,3,0.000,0.14,-26,-86*f5
wrx,79.07,-0.003,-0.001,0.008,0.002,0.11,y,0*88
wrt,0.13,0.14,0.14,0.14*0b
wrz,-0.003,-0.001,0.008,y,0.11,0.002,2.091572696372168e-06;-8.09895880138356e-07;-5.913755174447033e-08;-8.09895880138356e-07;2.344939957765746e-06;2.1806106076383003e-07;-5.913755174447033e-08;2.1806106076383003e-07;1.8304886850728508e-07,1550139639774372,1550139639909524,79.07,0*dc
wru,0,0.008,0.13,-25,-89*5f
wru,1,0.009,0.14,-25,-98*ec
wru,2,0.007,0.14,-26,-92*65
wru,3,0.007,0.14,-26,-85*49
wrp,1550139639.892,-3.79,0.68,7.46,2.7,87.5,54.6,97.1,0*2c
wrx,79.34,-0.009,-0.008,0.005,0.002,0.11,y,0*01
wrt,0.13,0.14,0.14,0.13*1e
wrz,-0.009,-0.008,0.005,y,0.11,0.002,1.7684371869108872e-06;-1.1980453962223692e-07;-9.283103707957707e-08;-1.1980453962223692e-07;2.2607637220062315e-06;3.207439362995501e-07;-9.283103707957707e-08;3.207439362995501e-07;1.9921108673770505e-07,1550139639853448,1550139640029173,79.34,0*eb
wru,0,0.004,0.13,-25,-90*d5
wru,1,0.009,0.14,-24,-99*89
wru,2,0.004,0.14,-26,-93*4a
wru,3,-0.000,0.13,-26,-86*52
wrx,76.20,-0.003,0.001,-0.003,0.002,0.11,y,0*0d
wrt,0.13,0.14,0.14,0.13*1e
wrz,-0.003,0.001,-0.003,y,0.11,0.002,1.924051048263209e-06;-6.23626590368076e-08;-1.3279550614697655e-07;-6.23626590368076e-08;2.6568961857265094e-06;4.377486106932338e-07;-1.3279550614697655e-07;4.377486106932338e-07;2.379631496296497e-07,1550139639932790,1550139640030061,76.20,0*dd
wru,0,-0.002,0.13,-25,-89*5f
wru,1,-0.002,0.14,-24,-99*84
wru,2,-0.004,0.14,-26,-92*6a
wru,3,-0.003,0.13,-26,-84*74
wrx,76.18,0.004,-0.002,-0.004,0.002,0.11,y,0*bd
wrt,0.13,0.14,0.14,0.13*1e
wrz,0.004,-0.002,-0.004,y,0.11,0.002,2.0023849174322095e-06;-1.5834043409768128e-08;-1.304135963664521e-07;-1.5834043409768128e-08;2.666119598870864e-06;4.182138013675285e-07;-1.304135963664521e-07;4.182138013675285e-07;2.38643195871191e-07,1550139640008988,1550139640148302,76.18,0*36
wru,0,-0.006,0.13,-25,-88*c5
wru,1,-0.004,0.14,-24,-98*d3
wru,2,-0.002,0.14,-26,-92*3a
wru,3,-0.003,0.13,-25,-83*c7
wrp,1550139640.144,-3.79,0.68,7.46,2.7,87.9,54.4,97.6,0*fd
wrx,81.12,0.004,-0.008,-0.005,0.002,0.11,y,0*a6
wrt,0.13,0.14,0.14,0.13*1e
wrz,0.004,-0.008,-0.005,y,0.11,0.002,1.977968850042089e-06;-2.2437323821122845e-07;-8.755382907565945e-08;-2.2437323821122845e-07;2.6755792532640044e-06;4.1297829511677264e-07;-8.755382907565945e-08;4.1297829511677264e-07;2.33487583045644e-07,1550139640085161,1550139640268962,81.12,0*da
wru,0,-0.009,0.13,-25,-89*4a
wru,1,-0.004,0.14,-24,-98*d3
wru,2,-0.002,0.14,-26,-92*3a
wru,3,-0.006,0.13,-25,-84*aa
wrx,80.10,0.008,0.002,-0.013,0.002,0.11,y,0*e5
wrt,0.13,0.14,0.14,0.14*0b
wrz,0.008,0.002,-0.013,y,0.11,0.002,2.2549418190465076e-06;-8.795132657724025e-07;-8.390028227722723e-08;-8.795132657724025e-07;2.468732645866112e-06;2.1081133638745087e-07;-8.390028227722723e-08;2.1081133638745087e-07;2.0269135347916745e-07,1550139640166285,1550139640269823,80.10,0*8a
wru,0,-0.015,0.13,-25,-88*58
wru,1,-0.015,0.14,-24,-97*ae
wru,2,-0.011,0.14,-25,-91*08
wru,3,-0.009,0.14,-26,-82*fe
wrx,80.99,0.012,0.015,0.003,0.002,0.11,y,0*00
wrt,0.13,0.14,0.14,0.13*1e
wrz,0.012,0.015,0.003,y,0.11,0.002,2.4210057745222002e-06;-7.507645136684005e-07;1.3717935587465035e-07;-7.507645136684005e-07;2.4889693577279104e-06;1.767635637861531e-07;1.3717935587465035e-07;1.767635637861531e-07;1.9903049519598426e-07,1550139640246385,1550139640388285,80.99,0*a4
wru,0,0.003,0.13,-26,-89*ec
wru,1,-0.004,0.14,-26,-97*3a
wru,2,0.001,0.14,-25,-92*93
wru,3,0.010,0.13,-27,-84*44
wrp,1550139640.344,-3.80,0.68,7.46,2.7,87.8,53.6,97.4,0*8e
wrx,81.70,0.003,0.003,-0.001,0.002,0.11,y,0*2b
wrt,0.13,0.14,0.14,0.13*1e
wrz,0.003,0.003,-0.001,y,0.11,0.002,2.561768042141921e-06;-1.035887180478312e-06;1.5156834365370742e-07;-1.035887180478312e-06;2.449817657179665e-06;5.129403746195749e-08;1.5156834365370742e-07;5.129403746195749e-08;1.8315193983653444e-07,1550139640327371,1550139640508681,81.70,0*11
wru,0,-0.001,0.13,-26,-86*fc
wru,1,-0.002,0.14,-25,-93*d0
wru,2,-0.001,0.14,-25,-89*90
wru,3,0.001,0.13,-27,-81*0f
wrx,75.89,-0.008,-0.007,-0.002,0.002,0.11,y,0*68
wrt,0.13,0.14,0.14,0.13*1e
wrz,-0.008,-0.007,-0.002,y,0.11,0.002,2.498475851098192e-06;-1.0446530041008373e-06;1.5334966008140327e-07;-1.0446530041008373e-06;2.3895195226941723e-06;6.675470842765208e-08;1.5334966008140327e-07;6.675470842765208e-08;1.7609933422590984e-07,1550139640409072,1550139640509593,75.89,0*15
wru,0,-0.002,0.13,-26,-89*f9
wru,1,0.003,0.14,-25,-96*36
wru,2,-0.003,0.14,-25,-93*7e
wru,3,-0.005,0.13,-27,-84*46
wrp,1550139640.545,-3.80,0.68,7.46,2.7,87.8,54.1,97.4,0*e3
wrx,81.07,-0.001,-0.014,-0.002,0.002,0.11,y,0*dc
wrt,0.13,0.14,0.14,0.13*1e
wrz,-0.001,-0.014,-0.002,y,0.11,0.002,2.6569402962195454e-06;-1.2372773880997556e-06;4.794964780785449e-08;-1.2372773880997556e-06;2.9104344321240205e-06;2.2351827055899776e-07;4.794964780785449e-08;2.2351827055899776e-07;1.9955413677053002e-07,1550139640484974,1550139640628838,81.07,0*84
wru,0,-0.006,0.13,-25,-89*c2
wru,1,0.003,0.14,-25,-97*31
wru,2,0.001,0.14,-25,-93*94
wru,3,-0.005,0.13,-27,-84*46
wrx,82.24,0.000,-0.011,-0.007,0.002,0.11,y,0*0d
wrt,0.13,0.14,0.14,0.14*0b
wrz,0.000,-0.011,-0.007,y,0.11,0.002,2.7050843982578954e-06;-1.210513573823846e-06;2.1643542069682553e-08;-1.210513573823846e-06;2.799357389449142e-06;1.3520175912162813e-07;2.1643542069682553e-08;1.3520175912162813e-07;1.9761837677378935e-07,1550139640566045,1550139640749975,82.24,0*b0
wru,0,-0.010,0.13,-25,-90*0d
wru,1,-0.003,0.14,-26,-98*a2
wru,2,-0.004,0.14,-25,-93*cb
wru,3,-0.009,0.14,-26,-85*eb
wrx,80.80,0.003,-0.007,-0.000,0.002,0.11,y,0*1a
wrt,0.13,0.14,0.14,0.14*0b
wrz,0.003,-0.007,-0.000,y,0.11,0.002,2.7408341338741593e-06;-1.4339302651933394e-06;-1.905129742851841e-08;-1.4339302651933394e-06;2.8345677947072545e-06;1.2852049735556648e-07;-1.905129742851841e-08;1.2852049735556648e-07;1.7872351065761904e-07,1550139640648285,1550139640750940,80.80,0*fe
wru,0,-0.004,0.13,-25,-90*25
wru,1,0.001,0.14,-26,-97*5a
wru,2,0.001,0.14,-25,-92*93
wru,3,-0.001,0.14,-26,-85*d6
wrp,1550139640.753,-3.80,0.68,7.46,2.7,87.6,54.4,97.5,0*26
wrx,79.28,-0.000,-0.007,0.002,0.001,0.12,y,0*40
wrt,0.14,0.14,0.14,0.14*05
wrz,-0.000,-0.007,0.002,y,0.12,0.001,1.849531599873444e-06;-2.3476496835428406e-07;1.3109733743021934e-07;-2.3476496835428406e-07;1.7591618188816938e-06;-4.986930335348916e-08;1.3109733743021934e-07;-4.986930335348916e-08;1.5787168194947299e-07,1550139640729080,1550139640869044,79.28,0*4c
wru,0,0.000,0.14,-25,-89*0a
wru,1,0.004,0.14,-25,-95*8a
wru,2,0.004,0.14,-25,-91*e2
wru,3,0.001,0.14,-25,-83*ad
wrx,77.20,0.001,0.004,-0.001,0.001,0.12,y,0*4e
wrt,0.14,0.14,0.14,0.14*05
wrz,0.001,0.004,-0.001,y,0.12,0.001,1.857390884651977e-06;-4.964760691450465e-08;8.47159569161704e-08;-4.964760691450465e-08;1.880118588815094e-06;-1.0381501880374344e-07;8.47159569161704e-08;-1.0381501880374344e-07;1.6496036892021948e-07,1550139640808083,1550139640988599,77.20,0*e4
wru,0,0.000,0.14,-25,-88*0d
wru,1,-0.002,0.14,-26,-97*6a
wru,2,-0.001,0.14,-25,-91*bd
wru,3,0.001,0.14,-25,-83*ad
wrx,78.68,0.001,0.003,-0.002,0.001,0.12,y,0*04
wrt,0.14,0.14,0.14,0.14*05
wrz,0.001,0.003,-0.002,y,0.12,0.001,1.8361147340328898e-06;-3.571718423245329e-07;8.04564379563999e-08;-3.571718423245329e-07;1.84158454885619e-06;-8.530164308240273e-08;8.04564379563999e-08;-8.530164308240273e-08;1.5577712986214465e-07,1550139640885563,1550139640989265,78.68,0*1d
wru,0,-0.001,0.14,-25,-90*35
wru,1,-0.003,0.14,-26,-96*88
wru,2,-0.002,0.14,-25,-92*9c
wru,3,-0.001,0.14,-26,-85*d6
wrp,1550139640.967,-3.80,0.68,7.46,2.7,87.8,54.2,97.6,0*fc
wrx,83.37,0.002,0.001,0.003,0.002,0.11,y,0*0c
wrt,0.13,0.14,0.14,0.14*0b
wrz,0.002,0.001,0.003,y,0.11,0.002,2.3956479253683938e-06;-1.050595869855897e-06;-9.473331630260873e-08;-1.050595869855897e-06;2.4184193989640335e-06;1.1471796312889637e-07;-9.473331630260873e-08;1.1471796312889637e-07;1.72379529317368e-07,1550139640964244,1550139641108963,83.37,0*33
wru,0,0.001,0.13,-25,-88*80
wru,1,0.002,0.14,-26,-96*75
wru,2,0.002,0.14,-25,-91*b2
wru,3,0.004,0.14,-26,-83*73
wrx,79.54,0.001,0.001,0.001,0.002,0.11,y,0*fd
wrt,0.13,0.14,0.14,0.14*0b
wrz,0.001,0.001,0.001,y,0.11,0.002,2.1189969174884027e-06;-1.0161389809582033e-06;-1.2124553450121311e-07;-1.0161389809582033e-06;2.038931597780902e-06;5.9327685875132374e-08;-1.2124553450121311e-07;5.9327685875132374e-08;1.4021381389284215e-07,1550139641047614,1550139641228568,79.54,0*79
wru,0,0.000,0.13,-25,-89*62
wru,1,0.001,0.14,-25,-95*f2
wru,2,0.001,0.14,-25,-91*9a
wru,3,0.002,0.14,-26,-83*23
wrp,1550139641.193,-3.80,0.68,7.46,2.7,87.6,53.9,97.2,0*92
wrx,81.08,0.002,-0.000,-0.000,0.002,0.11,y,0*2e
wrt,0.13,0.14,0.14,0.14*0b
wrz,0.002,-0.000,-0.000,y,0.11,0.002,1.9709041225723922e-06;-9.358303714179783e-07;-1.2062160692494217e-07;-9.358303714179783e-07;1.9709041225723922e-06;1.2084463207884255e-07;-1.2062160692494217e-07;1.2084463207884255e-07;1.3834159062753315e-07,1550139641127130,1550139641229570,81.08,0*80
wru,0,-0.002,0.13,-25,-91*72
wru,1,-0.001,0.14,-25,-97*e4
wru,2,-0.000,0.14,-25,-94*43
wru,3,0.000,0.14,-26,-86*f5
wrx,76.73,0.004,0.002,0.000,0.002,0.11,y,0*6f
wrt,0.13,0.14,0.14,0.14*0b
wrz,0.004,0.002,0.000,y,0.11,0.002,1.93441132978478e-06;-8.630986485513858e-07;-1.0704619057833042e-07;-8.630986485513858e-07;1.9354647520231083e-06;1.0854036247565091e-07;-1.0704619057833042e-07;1.0854036247565091e-07;1.3880497817808646e-07,1550139641208230,1550139641348582,76.73,0*63
wru,0,-0.001,0.13,-25,-87*5d
wru,1,-0.001,0.14,-25,-95*ea
wru,2,0.000,0.14,-25,-90*78
wru,3,0.002,0.14,-25,-82*82
wrx,78.69,-0.000,-0.001,0.001,0.002,0.11,y,0*ac
wrt,0.13,0.14,0.14,0.14*0b
wrz,-0.000,-0.001,0.001,y,0.11,0.002,2.0192367173876846e-06;-9.032453931467899e-07;-1.0819058360311828e-07;-9.032453931467899e-07;2.0697646050393814e-06;1.382936716254335e-07;-1.0819058360311828e-07;1.382936716254335e-07;1.4885866050917684e-07,1550139641284957,1550139641468575,78.69,0*16
wru,0,-0.000,0.13,-25,-88*95
wru,1,0.002,0.14,-25,-95*da
wru,2,0.001,0.14,-25,-91*9a
wru,3,0.001,0.14,-26,-83*0b
wrp,1550139641.417,-3.80,0.68,7.46,2.7,86.8,53.6,96.1,0*90
wrx,80.58,-0.010,-0.001,-0.005,0.002,0.11,y,0*b1
wrt,0.13,0.14,0.14,0.14*0b
wrz,-0.010,-0.001,-0.005,y,0.11,0.002,2.0116433461225824e-06;-8.388655032831593e-07;-1.5555883692286443e-07;-8.388655032831593e-07;2.0509851310634986e-06;1.8329730266941624e-07;-1.5555883692286443e-07;1.8329730266941624e-07;1.6111889067360607e-07,1550139641363648,1550139641469786,80.58,0*c7
wru,0,-0.003,0.13,-25,-87*90
wru,1,-0.002,0.14,-24,-94*a7
wru,2,-0.007,0.14,-25,-91*ed
wru,3,-0.007,0.14,-26,-83*94
wrx,83.00,-0.009,0.002,0.003,0.001,0.12,y,0*e1
wrt,0.14,0.14,0.14,0.14*05
wrz,-0.009,0.002,0.003,y,0.12,0.001,1.4139679933578009e-06;3.773275025764633e-08;-6.165972621374749e-08;3.773275025764633e-08;1.403178544023831e-06;5.679898507082726e-08;-6.165972621374749e-08;5.679898507082726e-08;1.23437359889067e-07,1550139641443937,1550139641588507,83.00,0*14
wru,0,0.006,0.14,-25,-89*5a
wru,1,0.004,0.14,-25,-98*a9
wru,2,-0.001,0.14,-25,-91*bd
wru,3,0.001,0.14,-26,-83*0b
wrx,77.94,0.005,0.002,0.009,0.002,0.11,y,0*53
wrt,0.13,0.14,0.14,0.13*1e
wrz,0.005,0.002,0.009,y,0.11,0.002,2.1417263269540854e-06;-4.1727560073923087e-07;-2.55867490750461e-07;-4.1727560073923087e-07;2.3161903754953528e-06;3.2940099004008516e-07;-2.55867490750461e-07;3.2940099004008516e-07;2.313265241582485e-07,1550139641527224,1550139641708675,77.94,0*e8
wru,0,0.007,0.13,-26,-87*5b
wru,1,0.007,0.14,-26,-96*0d
wru,2,0.009,0.14,-25,-92*ae
wru,3,0.011,0.13,-26,-83*d6
wrp,1550139641.618,-3.80,0.68,7.46,2.7,86.0,52.8,95.0,0*ad
wrx,78.19,-0.012,0.003,-0.007,0.001,0.11,y,0*b2
wrt,0.14,0.13,0.14,0.13*4d
wrz,-0.012,0.003,-0.007,y,0.11,0.001,2.0173774828435853e-06;-8.672554230315654e-08;-8.455452871203306e-08;-8.672554230315654e-08;2.141460981874843e-06;1.8363935794241115e-07;-8.455452871203306e-08;1.8363935794241115e-07;1.9216034274904814e-07,1550139641605140,1550139641709942,78.19,0*f0
wru,0,-0.002,0.14,-26,-87*bb
wru,1,-0.004,0.13,-27,-95*3e
wru,2,-0.010,0.14,-26,-92*42
wru,3,-0.009,0.13,-25,-83*37
wrx,76.07,-0.031,-0.001,-0.001,0.002,0.11,y,0*51
wrt,0.13,0.13,0.14,0.13*43
wrz,-0.031,-0.001,-0.001,y,0.11,0.002,2.376360725975246e-06;-3.3254397635573696e-07;-9.196464390015535e-08;-3.3254397635573696e-07;3.884050784108695e-06;7.359687401731208e-07;-9.196464390015535e-08;7.359687401731208e-07;3.3311829383819713e-07,1550139641683344,1550139641828581,76.07,0*ed
wru,0,0.006,0.13,-26,-87*be
wru,1,0.007,0.13,-27,-96*07
wru,2,-0.009,0.14,-26,-90*21
wru,3,-0.010,0.13,-25,-83*5a
wrx,76.87,-0.038,-0.021,0.005,0.002,0.11,y,0*30
wrt,0.13,0.13,0.14,0.13*43
wrz,-0.038,-0.021,0.005,y,0.11,0.002,2.6871389309235383e-06;4.1141149154100276e-08;-1.722297753303792e-07;4.1141149154100276e-08;2.9325130981305847e-06;3.221113615836657e-07;-1.722297753303792e-07;3.221113615836657e-07;2.5963879579649074e-07,1550139641759417,1550139641948612,76.87,0*2c
wru,0,0.010,0.13,-25,-91*fa
wru,1,0.020,0.13,-28,-98*c5
wru,2,0.001,0.14,-25,-94*81
wru,3,-0.012,0.13,-26,-86*2a
wrp,1550139641.842,-3.80,0.68,7.46,2.7,85.7,53.4,94.4,0*f6
wrx,79.11,-0.020,-0.011,0.003,0.002,0.11,y,0*93
wrt,0.13,0.14,0.13,0.13*c1
wrz,-0.020,-0.011,0.003,y,0.11,0.002,2.046990630333312e-06;9.645334557717433e-07;-3.274289994692481e-08;9.645334557717433e-07;2.0216502889525145e-06;2.5775801049121583e-08;-3.274289994692481e-08;2.5775801049121583e-08;1.3543061072596174e-07,1550139641836293,1550139641949832,79.11,0*8f
wru,0,0.005,0.13,-25,-87*30
wru,1,0.011,0.14,-27,-97*8d
wru,2,0.000,0.13,-30,-91*d3
wru,3,-0.006,0.13,-25,-84*aa
wrx,78.67,0.001,0.017,-0.011,0.002,0.11,y,0*c5
wrt,0.13,0.14,0.13,0.13*c1
wrz,0.001,0.017,-0.011,y,0.11,0.002,2.244664301542798e-06;1.0811140782607254e-06;2.1206641065418808e-07;1.0811140782607254e-06;1.9530953068169765e-06;-3.475093279803332e-08;2.1206641065418808e-07;-3.475093279803332e-08;1.526136230722841e-07,1550139641915403,1550139642068730,78.67,0*b3
wru,0,-0.006,0.13,-26,-87*4e
wru,1,-0.015,0.14,-27,-95*06
wru,2,-0.015,0.13,-27,-90*3e
wru,3,-0.005,0.13,-26,-82*36
wrx,80.11,0.008,0.011,-0.023,0.002,0.11,y,0*b6
wrt,0.14,0.14,0.13,0.13*cf
wrz,0.008,0.011,-0.023,y,0.11,0.002,2.3782718017173465e-06;8.934148354455829e-07;1.7778663163880992e-07;8.934148354455829e-07;2.2578992684429977e-06;9.68242588328394e-08;1.7778663163880992e-07;9.68242588328394e-08;2.3006280969184445e-07,1550139641993568,1550139642188631,80.11,0*96
wru,0,-0.020,0.14,-27,-90*79
wru,1,-0.025,0.14,-26,-96*b5
wru,2,-0.022,0.13,-27,-92*5d
wru,3,-0.015,0.13,-26,-84*91
wrp,1550139642.067,-3.79,0.68,7.46,2.7,85.5,52.2,95.4,0*79
wrx,78.50,-0.004,0.029,-0.035,0.001,0.12,y,0*63
wrt,0.14,0.14,0.14,0.14*05
wrz,-0.004,0.029,-0.035,y,0.12,0.001,1.7017022173604346e-06;1.1378205044820788e-07;2.1281266526784748e-07;1.1378205044820788e-07;2.070663185804733e-06;2.0381789056500565e-07;2.1281266526784748e-07;2.0381789056500565e-07;3.1636946573598834e-07,1550139642074190,1550139642189955,78.50,0*8a
wru,0,-0.024,0.14,-26,-90*86
wru,1,-0.039,0.14,-25,-97*01
wru,2,-0.042,0.14,-24,-94*36
wru,3,-0.024,0.14,-27,-85*a1
wrx,76.41,-0.017,0.034,-0.029,0.002,0.12,y,0*98
wrt,0.14,0.14,0.14,0.14*05
wrz,-0.017,0.034,-0.029,y,0.12,0.002,2.9818545499438187e-06;-1.1280725402684766e-06;2.0040447168412356e-07;-1.1280725402684766e-06;3.712210627782042e-06;3.486383945983107e-07;2.0040447168412356e-07;3.486383945983107e-07;3.686024001581245e-07,1550139642152688,1550139642308496,76.41,0*f2
wru,0,-0.014,0.14,-25,-90*f8
wru,1,-0.032,0.14,-25,-97*14
wru,2,-0.042,0.14,-25,-94*54
wru,3,-0.022,0.14,-27,-85*f1
wrp,1550139642.267,-3.80,0.68,7.47,2.7,85.8,47.6,96.1,0*af
wrx,75.97,-0.006,0.037,-0.009,0.002,0.12,y,0*3b
wrt,0.14,0.14,0.14,0.14*05
wrz,-0.006,0.037,-0.009,y,0.12,0.002,2.424015974611393e-06;-8.225686656260223e-07;1.0532670557950041e-07;-8.225686656260223e-07;2.817781933117658e-06;2.2069178839956294e-07;1.0532670557950041e-07;2.2069178839956294e-07;2.1902691571540345e-07,1550139642229104,1550139642428920,75.97,0*d1
wru,0,0.003,0.14,-25,-87*08
wru,1,-0.017,0.14,-26,-97*a7
wru,2,-0.020,0.14,-25,-92*3c
wru,3,0.000,0.14,-25,-85*5a
wrx,78.88,-0.013,0.007,0.008,0.001,0.12,y,0*cd
wrt,0.14,0.14,0.14,0.14*05
wrz,-0.013,0.007,0.008,y,0.12,0.001,1.6368495607821387e-06;-6.107665058152634e-07;-2.472524585073188e-08;-6.107665058152634e-07;1.6332259065166e-06;4.1639630410372774e-08;-2.472524585073188e-08;4.1639630410372774e-08;1.2736101950849843e-07,1550139642305074,1550139642429773,78.88,0*aa
wru,0,0.013,0.14,-26,-89*31
wru,1,0.009,0.14,-25,-96*c6
wru,2,0.002,0.14,-25,-90*b5
wru,3,0.006,0.14,-26,-83*be
wrx,79.86,-0.039,0.000,-0.010,0.002,0.12,y,0*2c
wrt,0.14,0.15,0.14,0.14*1a
wrz,-0.039,0.000,-0.010,y,0.12,0.002,1.7453841110182111e-06;-5.943027190369321e-07;1.0152977836241917e-07;-5.943027190369321e-07;2.038983893726254e-06;2.7189975071451045e-07;1.0152977836241917e-07;2.7189975071451045e-07;1.6751170051065856e-07,1550139642383941,1550139642548599,79.86,0*bd
wru,0,0.004,0.14,-25,-89*97
wru,1,0.001,0.15,-28,-96*76
wru,2,-0.018,0.14,-25,-90*d7
wru,3,-0.020,0.14,-27,-83*2e
wrp,1550139642.468,-3.80,0.68,7.47,2.7,82.5,44.1,94.4,0*ff
wrx,76.02,-0.063,-0.004,-0.007,0.002,0.12,y,0*56
wrt,0.15,0.14,0.14,0.15*00
wrz,-0.063,-0.004,-0.007,y,0.12,0.002,2.272486881338409e-06;-3.5186818081456295e-07;-1.6922510326367046e-07;-3.5186818081456295e-07;1.6992647715596831e-06;-1.2064784016274643e-07;-1.6922510326367046e-07;-1.2064784016274643e-07;1.6859691243098496e-07,1550139642463807,1550139642668579,76.02,0*fa
wru,0,0.010,0.15,-26,-89*60
wru,1,0.011,0.14,-26,-98*c2
wru,2,-0.022,0.14,-26,-92*57
wru,3,-0.025,0.15,-27,-84*3a
wrx,81.82,-0.054,-0.017,0.006,0.002,0.12,y,0*2a
wrt,0.14,0.14,0.14,0.14*05
wrz,-0.054,-0.017,0.006,y,0.12,0.002,4.1572620830265805e-06;-1.2762874348482e-06;-2.164546799576783e-07;-1.2762874348482e-06;3.774389597310801e-06;-1.8841134874492127e-08;-2.164546799576783e-07;-1.8841134874492127e-08;2.9154460889913025e-07,1550139642539829,1550139642669489,81.82,0*b2
wru,0,0.015,0.14,-25,-86*ea
wru,1,0.025,0.14,-30,-95*c6
wru,2,-0.005,0.14,-25,-90*27
wru,3,-0.014,0.14,-25,-82*a8
wrx,77.86,-0.031,0.007,0.017,0.002,0.12,y,0*b6
wrt,0.14,0.15,0.14,0.14*1a
wrz,-0.031,0.007,0.017,y,0.12,0.002,3.07252366837929e-06;-1.9063823231135757e-07;1.5351609761182772e-07;-1.9063823231135757e-07;2.8358128929539816e-06;9.027439773490187e-08;1.5351609761182772e-07;9.027439773490187e-08;2.862234680378606e-07,1550139642621649,1550139642788392,77.86,0*21
wru,0,0.026,0.14,-25,-92*13
wru,1,0.023,0.15,-35,-97*0c
wru,2,0.005,0.14,-26,-92*a8
wru,3,0.010,0.14,-25,-85*ef
wrp,1550139642.692,-3.80,0.67,7.48,2.7,82.3,44.3,92.6,0*5e
wrx,78.11,-0.028,-0.035,0.004,0.002,0.12,y,0*0b
wrt,0.14,0.14,0.14,0.14*05
wrz,-0.028,-0.035,0.004,y,0.12,0.002,2.1395333078544354e-06;3.0796664418630826e-07;1.5480317472338356e-07;3.0796664418630826e-07;2.2237259145185817e-06;-2.0182569926419092e-07;1.5480317472338356e-07;-2.0182569926419092e-07;1.9338688161951723e-07,1550139642699507,1550139642908341,78.11,0*af
wru,0,0.002,0.14,-25,-90*ed
wru,1,0.020,0.14,-27,-98*9d
wru,2,0.005,0.14,-26,-92*a8
wru,3,-0.013,0.14,-25,-86*01
wrx,78.59,-0.029,-0.022,-0.020,0.002,0.11,y,0*6c
wrt,0.14,0.14,0.14,0.13*10
wrz,-0.029,-0.022,-0.020,y,0.11,0.002,2.4059306724666385e-06;-1.1768305512305233e-06;-2.788821262811325e-08;-1.1768305512305233e-06;2.324623437743867e-06;2.8545400709845126e-08;-2.788821262811325e-08;2.8545400709845126e-08;1.8267199664023792e-07,1550139642777607,1550139642909283,78.59,0*72
wru,0,-0.017,0.14,-24,-88*9f
wru,1,-0.005,0.14,-25,-97*79
wru,2,-0.021,0.14,-26,-89*5b
wru,3,-0.032,0.13,-30,-83*3e
wrp,1550139642.917,-3.80,0.67,7.48,2.7,82.3,46.5,90.6,0*36
wrx,77.95,0.010,-0.051,-0.004,0.002,0.12,y,0*d9
wrt,0.14,0.15,0.14,0.14*1a
wrz,0.010,-0.051,-0.004,y,0.12,0.002,3.8369566937035415e-06;-2.2556234853254864e-06;-1.4266700532061805e-07;-2.2556234853254864e-06;3.991413450421533e-06;4.288355004433697e-09;-1.4266700532061805e-07;4.288355004433697e-09;2.1837378483269276e-07,1550139642856215,1550139643028922,77.95,0*82
wru,0,-0.023,0.14,-25,-88*b8
wru,1,0.008,0.15,-26,-96*fc
wru,2,0.010,0.14,-25,-91*ca
wru,3,-0.014,0.14,-27,-82*6c
wrx,77.08,-0.019,-0.039,-0.029,0.002,0.12,y,0*6e
wrt,0.14,0.15,0.14,0.14*1a
wrz,-0.019,-0.039,-0.029,y,0.12,0.002,2.581380840638303e-06;-1.3603412298834883e-06;-5.687304849288921e-08;-1.3603412298834883e-06;2.6623119993018918e-06;2.155724665442449e-08;-5.687304849288921e-08;2.155724665442449e-08;2.3377553759473813e-07,1550139642934160,1550139643148504,77.08,0*66
wru,0,-0.033,0.14,-26,-90*86
wru,1,-0.011,0.15,-27,-97*ec
wru,2,-0.022,0.14,-25,-92*f1
wru,3,-0.042,0.14,-26,-84*23
wrx,75.80,-0.010,-0.008,-0.003,0.002,0.12,y,0*c5
wrt,0.15,0.14,0.14,0.14*07
wrz,-0.010,-0.008,-0.003,y,0.12,0.002,2.5645338155300124e-06;-5.966801381873665e-07;3.803056003448546e-08;-5.966801381873665e-07;2.5691881546663353e-06;5.5445731561576395e-08;3.803056003448546e-08;5.5445731561576395e-08;2.0904717246139626e-07,1550139643011239,1550139643149354,75.80,0*38
wru,0,-0.003,0.15,-25,-91*86
wru,1,0.002,0.14,-28,-99*0a
wru,2,-0.004,0.14,-26,-92*6a
wru,3,-0.007,0.14,-27,-84*e3
wrp,1550139643.144,-3.80,0.66,7.48,2.7,81.2,46.2,89.9,0*ac
wrx,77.62,0.000,0.034,0.020,0.001,0.12,y,0*dc
wrt,0.15,0.14,0.14,0.14*07
wrz,0.000,0.034,0.020,y,0.12,0.001,1.788653435141896e-06;-4.250976530784101e-07;-1.312169644052119e-07;-4.250976530784101e-07;1.783016955414496e-06;7.260768342121082e-08;-1.312169644052119e-07;7.260768342121082e-08;1.8474641194643482e-07,1550139643087021,1550139643278744,77.62,0*e2
wru,0,0.028,0.15,-25,-90*09
wru,1,0.009,0.14,-27,-97*05
wru,2,0.010,0.14,-26,-92*65
wru,3,0.028,0.14,-26,-83*be
wrx,81.53,-0.003,0.026,0.013,0.001,0.12,y,0*e7
wrt,0.15,0.15,0.14,0.14*18
wrz,-0.003,0.026,0.013,y,0.12,0.001,1.3207762776801246e-06;-2.4888581151572e-07;3.5998379388502144e-08;-2.4888581151572e-07;1.8836195749827311e-06;-2.4388936026298325e-07;3.5998379388502144e-08;-2.4388936026298325e-07;1.6975366179394769e-07,1550139643164571,1550139643279671,81.53,0*f7
wru,0,0.020,0.15,-26,-89*b8
wru,1,0.006,0.15,-26,-96*91
wru,2,0.004,0.14,-26,-91*44
wru,3,0.018,0.14,-26,-83*66
wrx,78.39,-0.003,-0.014,-0.001,0.001,0.12,y,0*75
wrt,0.14,0.15,0.14,0.14*1a
wrz,-0.003,-0.014,-0.001,y,0.12,0.001,1.6205062820517924e-06;-1.1320430104433399e-07;2.2266460675268718e-08;-1.1320430104433399e-07;1.8490884485800052e-06;-1.8173224702877633e-07;2.2266460675268718e-08;-1.8173224702877633e-07;1.5668922515033046e-07,1550139643245961,1550139643408674,78.39,0*e8
wru,0,-0.004,0.14,-31,-91*ec
wru,1,0.004,0.15,-25,-99*d7
wru,2,0.002,0.14,-26,-94*0f
wru,3,-0.005,0.14,-26,-86*42
wrp,1550139643.345,-3.80,0.66,7.48,2.7,82.1,45.8,90.1,0*f6
wrx,79.90,-0.003,-0.004,-0.014,0.001,0.12,y,0*84
wrt,0.15,0.15,0.14,0.14*18
wrz,-0.003,-0.004,-0.014,y,0.12,0.001,1.120968590839766e-06;2.0801543598736316e-08;5.292517712973677e-08;2.0801543598736316e-08;1.6877830830708263e-06;-2.8763349746441236e-07;5.292517712973677e-08;-2.8763349746441236e-07;1.6457153151350212e-07,1550139643324584,1550139643528343,79.90,0*4d
wru,0,-0.013,0.15,-26,-88*bf
wru,1,-0.010,0.15,-27,-96*0e
wru,2,-0.013,0.14,-25,-91*c5
wru,3,-0.014,0.14,-26,-82*0e
wrx,76.88,-0.002,-0.004,-0.004,0.001,0.12,y,0*0a
wrt,0.15,0.15,0.14,0.14*18
wrz,-0.002,-0.004,-0.004,y,0.12,0.001,1.149845616055245e-06;-4.146160748064176e-08;4.614391535540108e-09;-4.146160748064176e-08;1.6240873037531856e-06;-2.5514353296784975e-07;4.614391535540108e-09;-2.5514353296784975e-07;1.4055845554139523e-07,1550139643404473,1550139643529676,76.88,0*77
wru,0,-0.004,0.15,-26,-89*b8
wru,1,-0.001,0.15,-27,-97*59
wru,2,-0.004,0.14,-25,-90*c2
wru,3,-0.005,0.14,-26,-82*5e
wrx,77.57,-0.000,-0.001,-0.003,0.001,0.12,y,0*47
wrt,0.15,0.15,0.14,0.14*18
wrz,-0.000,-0.001,-0.003,y,0.12,0.001,1.260388785340183e-06;-9.959212832200137e-08;1.0459909605131656e-09;-9.959212832200137e-08;1.7279542134929216e-06;-2.6232729055664095e-07;1.0459909605131656e-09;-2.6232729055664095e-07;1.482383851225677e-07,1550139643481359,1550139643648670,77.57,0*03
wru,0,-0.003,0.15,-26,-90*27
wru,1,-0.002,0.15,-27,-99*5b
wru,2,-0.003,0.14,-25,-93*7e
wru,3,-0.003,0.14,-27,-85*79
wrp,1550139643.568,-3.80,0.66,7.48,2.7,82.2,46.0,90.5,0*82
wrx,79.12,-0.000,0.001,-0.004,0.001,0.12,y,0*a7
wrt,0.15,0.15,0.14,0.14*18
wrz,-0.000,0.001,-0.004,y,0.12,0.001,1.541852952868794e-06;-3.8849154293529864e-07;-5.119575163803347e-08;-3.8849154293529864e-07;1.9031081137654837e-06;-2.436190698063001e-07;-5.119575163803347e-08;-2.436190698063001e-07;1.582482269668617e-07,1550139643558934,1550139643778521,79.12,0*b1
wru,0,-0.004,0.15,-26,-88*bf
wru,1,-0.003,0.15,-27,-96*93
wru,2,-0.005,0.14,-25,-89*0d
wru,3,-0.004,0.14,-26,-82*bb
wrx,75.18,0.001,0.006,-0.006,0.002,0.12,y,0*69
wrt,0.14,0.15,0.14,0.14*1a
wrz,0.001,0.006,-0.006,y,0.12,0.002,2.4451717308693333e-06;-1.0661561873348546e-06;-1.418984538759105e-07;-1.0661561873348546e-06;2.585069751148694e-06;-2.1781674774956628e-07;-1.418984538759105e-07;-2.1781674774956628e-07;1.9370274628727202e-07,1550139643638049,1550139643779464,75.18,0*f4
wru,0,-0.005,0.14,-26,-90*0e
wru,1,-0.007,0.15,-27,-98*24
wru,2,-0.008,0.14,-25,-93*6b
wru,3,-0.004,0.14,-26,-85*ae
wrx,75.01,0.003,0.002,-0.006,0.002,0.12,y,0*6d
wrt,0.14,0.15,0.14,0.14*1a
wrz,0.003,0.002,-0.006,y,0.12,0.002,2.8046072202414507e-06;-1.3923112192060216e-06;-1.7192392931519862e-07;-1.3923112192060216e-06;2.787256562442053e-06;-1.617021325728274e-07;-1.7192392931519862e-07;-1.617021325728274e-07;1.9324548361510097e-07,1550139643713236,1550139643898617,75.01,0*c7
wru,0,-0.006,0.14,-26,-89*0c
wru,1,-0.006,0.15,-28,-96*db
wru,2,-0.006,0.14,-25,-91*08
wru,3,-0.004,0.14,-26,-83*bc
wrp,1550139643.793,-3.80,0.66,7.48,2.7,82.6,45.7,91.7,0*0c
wrx,76.51,0.001,-0.002,-0.011,0.002,0.12,y,0*4b
wrt,0.14,0.15,0.14,0.14*1a
wrz,0.001,-0.002,-0.011,y,0.12,0.002,2.8888944143545814e-06;-1.5359760254796129e-06;-2.4219477268161427e-07;-1.5359760254796129e-06;2.75771708402317e-06;-1.8226469933324552e-07;-2.4219477268161427e-07;-1.8226469933324552e-07;1.977302304112527e-07,1550139643788240,1550139643900515,76.51,0*a2
wru,0,-0.011,0.14,-26,-90*26
wru,1,-0.009,0.15,-27,-97*64
wru,2,-0.010,0.14,-25,-90*ea
wru,3,-0.010,0.14,-26,-84*81
wrx,81.81,0.002,-0.002,-0.007,0.002,0.12,y,0*01
wrt,0.14,0.15,0.14,0.14*1a
wrz,0.002,-0.002,-0.007,y,0.12,0.002,3.715064849529881e-06;-1.8424816516926512e-06;-3.824827103926509e-07;-1.8424816516926512e-06;3.1886950182524743e-06;-1.4650370872004714e-07;-3.824827103926509e-07;-1.4650370872004714e-07;2.3876179966464406e-07,1550139643864722,1550139644018680,81.81,0*9f
wru,0,-0.009,0.14,-26,-89*84
wru,1,-0.006,0.15,-27,-96*eb
wru,2,-0.006,0.14,-26,-90*a9
wru,3,-0.006,0.14,-26,-83*71
wrp,1550139644.017,-3.80,0.66,7.48,2.7,83.4,45.9,93.2,0*c0
wrx,80.84,-0.002,-0.005,-0.009,0.002,0.12,y,0*42
wrt,0.14,0.15,0.14,0.14*1a
wrz,-0.002,-0.005,-0.009,y,0.12,0.002,3.7705019622080727e-06;-1.8584905774332583e-06;-2.0660415600559645e-07;-1.8584905774332583e-06;3.740297870535869e-06;-1.8350976915826323e-07;-2.0660415600559645e-07;-1.8350976915826323e-07;2.61253831013164e-07,1550139643946530,1550139644138793,80.84,0*cf
wru,0,-0.008,0.14,-26,-91*4c
wru,1,-0.007,0.15,-27,-96*0e
wru,2,-0.006,0.14,-26,-90*a9
wru,3,-0.010,0.14,-26,-84*81
wrx,75.59,0.002,-0.003,-0.005,0.002,0.12,y,0*f5
wrt,0.14,0.15,0.14,0.14*1a
wrz,0.002,-0.003,-0.005,y,0.12,0.002,3.263009148213314e-06;-1.4266214520830545e-06;-6.903916016653966e-08;-1.4266214520830545e-06;3.244408617320005e-06;-1.50804027043705e-08;-6.903916016653966e-08;-1.50804027043705e-08;2.2866048254854832e-07,1550139644026765,1550139644139746,75.59,0*b0
wru,0,-0.006,0.14,-26,-90*26
wru,1,-0.004,0.15,-27,-95*2f
wru,2,-0.003,0.14,-26,-89*fb
wru,3,-0.005,0.14,-26,-84*4c
wrx,76.42,-0.003,0.008,0.007,0.002,0.12,y,0*32
wrt,0.14,0.15,0.14,0.14*1a
wrz,-0.003,0.008,0.007,y,0.12,0.002,2.829827508321614e-06;-9.724952860779013e-07;4.1667320260785345e-08;-9.724952860779013e-07;2.8307317734288517e-06;-2.4468464587812377e-08;4.1667320260785345e-08;-2.4468464587812377e-08;2.1881675138502032e-07,1550139644103007,1550139644258532,76.42,0*aa
wru,0,0.009,0.14,-26,-92*50
wru,1,0.005,0.15,-27,-96*db
wru,2,0.003,0.14,-26,-91*f1
wru,3,0.007,0.14,-26,-86*40
wrp,1550139644.217,-3.81,0.66,7.48,2.7,82.9,45.0,92.9,0*9a
wrx,76.45,0.009,0.024,0.012,0.002,0.12,y,0*cf
wrt,0.14,0.15,0.14,0.14*1a
wrz,0.009,0.024,0.012,y,0.12,0.002,3.0957958188082557e-06;-1.2209127362439176e-06;-2.477339933193434e-07;-1.2209127362439176e-06;3.0129067454254255e-06;-1.63100793315607e-07;-2.477339933193434e-07;-1.63100793315607e-07;2.459887014083506e-07,1550139644179425,1550139644378566,76.45,0*89
wru,0,0.014,0.14,-25,-91*0f
wru,1,0.002,0.15,-27,-97*69
wru,2,0.007,0.14,-26,-92*65
wru,3,0.020,0.14,-26,-85*91
wrx,78.34,0.000,0.015,0.003,0.002,0.12,y,0*6f
wrt,0.14,0.15,0.14,0.14*1a
wrz,0.000,0.015,0.003,y,0.12,0.002,2.90815910375386e-06;-1.1460967925813748e-06;-3.1077047424332704e-07;-1.1460967925813748e-06;2.8297456537984544e-06;-2.6639042971510207e-07;-3.1077047424332704e-07;-2.6639042971510207e-07;2.3600853182870196e-07,1550139644255872,1550139644379560,78.34,0*36
wru,0,0.006,0.14,-26,-90*d6
wru,1,-0.002,0.15,-27,-97*71
wru,2,-0.001,0.14,-26,-91*1b
wru,3,0.006,0.14,-26,-83*be
wrx,76.70,0.000,0.002,0.000,0.002,0.12,y,0*d3
wrt,0.14,0.15,0.14,0.14*1a
wrz,0.000,0.002,0.000,y,0.12,0.002,3.105689074800466e-06;-1.020811396301724e-06;-3.211035277672636e-07;-1.020811396301724e-06;2.9024424748058664e-06;-2.2691384060635755e-07;-3.211035277672636e-07;-2.2691384060635755e-07;2.5340239062643377e-07,1550139644334219,1550139644498586,76.70,0*2b
wru,0,0.001,0.14,-26,-90*63
wru,1,-0.000,0.15,-27,-98*91
wru,2,0.000,0.14,-26,-91*d9
wru,3,0.001,0.14,-26,-84*1e
wrp,1550139644.417,-3.80,0.66,7.48,2.7,83.0,44.5,92.5,0*61
wrx,75.90,0.001,-0.007,-0.002,0.002,0.12,y,0*81
wrt,0.14,0.15,0.14,0.14*1a
wrz,0.001,-0.007,-0.002,y,0.12,0.002,3.325232910356135e-06;-1.1547414260348887e-06;-3.3428344181629654e-07;-1.1547414260348887e-06;3.0287812933238456e-06;-1.8240410781800165e-07;-3.3428344181629654e-07;-1.8240410781800165e-07;2.5898464173224056e-07,1550139644410899,1550139644618651,75.90,0*52
wru,0,-0.004,0.14,-25,-89*67
wru,1,-0.000,0.15,-27,-97*bc
wru,2,0.000,0.14,-26,-90*de
wru,3,-0.003,0.14,-26,-82*0e
wrx,80.47,-0.001,-0.018,-0.021,0.002,0.12,y,0*8b
wrt,0.14,0.15,0.14,0.14*1a
wrz,-0.001,-0.018,-0.021,y,0.12,0.002,2.876420921893441e-06;-1.1631738061623764e-06;-2.7300694682708126e-07;-1.1631738061623764e-06;2.7075161597167607e-06;-1.4418679938899004e-07;-2.7300694682708126e-07;-1.4418679938899004e-07;2.5841748652055685e-07,1550139644486809,1550139644619649,80.47,0*4c
wru,0,-0.023,0.14,-26,-90*33
wru,1,-0.014,0.15,-27,-97*94
wru,2,-0.014,0.14,-27,-90*b3
wru,3,-0.024,0.14,-26,-83*d1
wrp,1550139644.618,-3.81,0.66,7.48,2.7,83.3,45.6,93.7,0*e1
wrx,78.13,-0.005,-0.016,-0.013,0.002,0.12,y,0*20
wrt,0.14,0.15,0.14,0.14*1a
wrz,-0.005,-0.016,-0.013,y,0.12,0.002,2.745253823377425e-06;-1.194554442918161e-06;-9.207016660184308e-08;-1.194554442918161e-06;2.7226728889218066e-06;4.5931557224321296e-08;-9.207016660184308e-08;4.5931557224321296e-08;2.0509840226168308e-07,1550139644567265,1550139644739043,78.13,0*aa
wru,0,-0.014,0.14,-26,-90*5e
wru,1,-0.006,0.15,-27,-98*c1
wru,2,-0.008,0.14,-27,-91*a1
wru,3,-0.017,0.14,-26,-84*34
wrx,79.72,0.002,0.005,-0.003,0.001,0.12,y,0*06
wrt,0.14,0.15,0.14,0.14*1a
wrz,0.002,0.005,-0.003,y,0.12,0.001,1.473686779718264e-06;-2.676861754480342e-08;1.8857294037388783e-07;-2.676861754480342e-08;1.3592598406830803e-06;-1.4067876463741413e-07;1.8857294037388783e-07;-1.4067876463741413e-07;1.4143930116006231e-07,1550139644645364,1550139644858516,79.72,0*23
wru,0,-0.002,0.14,-26,-90*bb
wru,1,-0.004,0.15,-27,-97*21
wru,2,-0.004,0.14,-27,-90*06
wru,3,-0.001,0.14,-26,-83*c4
wrx,80.38,0.006,0.021,0.032,0.002,0.12,y,0*ba
wrt,0.14,0.15,0.14,0.14*1a
wrz,0.006,0.021,0.032,y,0.12,0.002,2.6631828404788394e-06;-1.1029204642909463e-06;-1.319934881394147e-07;-1.1029204642909463e-06;2.6185405204159906e-06;-1.0238415448782234e-08;-1.319934881394147e-07;-1.0238415448782234e-08;2.942974504094309e-07,1550139644725121,1550139644859215,80.38,0*4c
wru,0,0.033,0.14,-26,-89*5c
wru,1,0.023,0.15,-27,-97*e1
wru,2,0.025,0.14,-27,-89*83
wru,3,0.038,0.14,-26,-83*0b
wrp,1550139644.842,-3.81,0.66,7.48,2.7,81.9,44.1,92.3,0*d4
wrx,76.99,0.006,0.012,0.006,0.002,0.12,y,0*b9
wrt,0.14,0.15,0.14,0.14*1a
wrz,0.006,0.012,0.006,y,0.12,0.002,2.5320191525679547e-06;-1.045688804879319e-06;-1.8549101810094726e-07;-1.045688804879319e-06;2.342162588320207e-06;2.2194113213913624e-08;-1.8549101810094726e-07;2.2194113213913624e-08;1.8001055934746546e-07,1550139644805503,1550139644978822,76.99,0*ec
wru,0,0.007,0.14,-26,-90*33
wru,1,0.001,0.15,-26,-98*0e
wru,2,0.004,0.14,-27,-91*26
wru,3,0.011,0.14,-32,-84*0d
wrx,76.61,-0.005,-0.025,-0.016,0.002,0.12,y,0*21
wrt,0.14,0.15,0.14,0.13*0f
wrz,-0.005,-0.025,-0.016,y,0.12,0.002,2.2690796868118923e-06;-6.845176585557056e-07;-1.0933607086371921e-07;-6.845176585557056e-07;2.368762807236635e-06;1.830070033292941e-07;-1.0933607086371921e-07;1.830070033292941e-07;2.096800812978472e-07,1550139644882492,1550139645098535,76.61,0*0c
wru,0,-0.020,0.14,-26,-90*1b
wru,1,-0.006,0.15,-26,-98*a3
wru,2,-0.009,0.14,-27,-92*4d
wru,3,-0.023,0.13,-34,-84*f4
wrx,79.03,0.012,-0.048,-0.022,0.001,0.12,y,0*04
wrt,0.14,0.15,0.15,0.14*33
wrz,0.012,-0.048,-0.022,y,0.12,0.001,1.0695662240323145e-06;3.9002564733436884e-08;4.2609862305198476e-08;3.9002564733436884e-08;1.418096303495986e-06;-3.119608393831186e-08;4.2609862305198476e-08;-3.119608393831186e-08;1.5147227827583265e-07,1550139644959107,1550139645099451,79.03,0*5a
wru,0,-0.038,0.14,-26,-90*93
wru,1,-0.005,0.15,-26,-98*8b
wru,2,-0.010,0.15,-29,-90*05
wru,3,-0.026,0.14,-26,-83*1c
wrp,1550139645.067,-3.81,0.66,7.48,2.7,82.1,45.7,94.0,0*5d
wrx,76.16,0.005,-0.015,-0.007,0.001,0.12,y,0*71
wrt,0.14,0.15,0.14,0.14*1a
wrz,0.005,-0.015,-0.007,y,0.12,0.001,1.3777388403468649e-06;3.208212149274914e-07;9.042878446052782e-08;3.208212149274914e-07;1.3916130683355732e-06;-7.966851711671552e-08;9.042878446052782e-08;-7.966851711671552e-08;1.2238636770689482e-07,1550139645038132,1550139645219083,76.16,0*92
wru,0,-0.013,0.14,-26,-91*ec
wru,1,-0.003,0.15,-26,-98*db
wru,2,-0.003,0.14,-30,-91*b4
wru,3,-0.008,0.14,-27,-84*6b
wrx,75.21,0.001,-0.000,0.015,0.001,0.12,y,0*45
wrt,0.15,0.15,0.15,0.14*31
wrz,0.001,-0.000,0.015,y,0.12,0.001,1.5175010048551485e-06;4.95225776830921e-07;-3.3405476163039793e-09;4.95225776830921e-07;1.5730726090623648e-06;-8.263862127932953e-08;-3.3405476163039793e-09;-8.263862127932953e-08;1.429803120345241e-07,1550139645114299,1550139645219967,75.21,0*01
wru,0,0.014,0.15,-26,-90*d7
wru,1,0.012,0.15,-26,-97*be
wru,2,0.015,0.15,-28,-89*12
wru,3,0.013,0.14,-27,-83*11
wrx,83.53,-0.002,0.001,-0.009,0.002,0.12,y,0*f7
wrt,0.15,0.15,0.14,0.14*18
wrz,-0.002,0.001,-0.009,y,0.12,0.002,2.82281553154462e-06;-7.822858947292843e-07;-1.8382012001438852e-07;-7.822858947292843e-07;2.6676782454160275e-06;-1.2422770367948033e-08;-1.8382012001438852e-07;-1.2422770367948033e-08;2.3013676297978236e-07,1550139645189512,1550139645338535,83.53,0*7a
wru,0,-0.007,0.15,-25,-89*36
wru,1,-0.008,0.15,-26,-98*ce
wru,2,-0.009,0.14,-27,-88*6e
wru,3,-0.008,0.14,-27,-82*79
wrp,1550139645.292,-3.81,0.66,7.48,2.7,80.9,45.4,93.4,0*74
wrx,90.47,-0.001,-0.007,-0.002,0.002,0.12,y,0*a1
wrt,0.15,0.15,0.14,0.14*18
wrz,-0.001,-0.007,-0.002,y,0.12,0.002,3.0233188681449974e-06;-1.004252339953382e-06;-6.315042355709011e-08;-1.004252339953382e-06;3.0192759368219413e-06;-4.363917582850263e-08;-6.315042355709011e-08;-4.363917582850263e-08;2.316706257943224e-07,1550139645273017,1550139645458539,90.47,0*38
wru,0,-0.003,0.15,-26,-90*27
wru,1,0.000,0.15,-25,-98*4d
wru,2,-0.000,0.14,-27,-89*b1
wru,3,-0.004,0.14,-27,-84*cb
wrx,74.72,0.012,-0.010,0.018,0.002,0.12,y,0*83
wrt,0.15,0.15,0.14,0.14*18
wrz,0.012,-0.010,0.018,y,0.12,0.002,3.58448528459121e-06;-1.6691255950718187e-06;-1.0860095045472917e-07;-1.6691255950718187e-06;3.5118132473144215e-06;-4.643935724857329e-08;-1.0860095045472917e-07;-4.643935724857329e-08;2.726108050410403e-07,1550139645363508,1550139645459470,74.72,0*2b
wru,0,0.010,0.15,-26,-90*4a
wru,1,0.017,0.15,-25,-95*6e
wru,2,0.022,0.14,-27,-88*31
wru,3,0.018,0.14,-27,-83*04
wrp,1550139645.492,-3.80,0.66,7.47,2.7,79.8,45.0,91.6,0*2a
wrx,76.88,0.008,0.005,0.014,0.002,0.12,y,0*12
wrt,0.15,0.14,0.14,0.14*07
wrz,0.008,0.005,0.014,y,0.12,0.002,2.531988002374419e-06;2.2510544539500188e-08;-2.510298884317308e-07;2.2510544539500188e-08;2.2129354420030722e-06;3.27596261229246e-08;-2.510298884317308e-07;3.27596261229246e-08;2.374359979739893e-07,1550139645438222,1550139645578846,76.88,0*ad
wru,0,0.012,0.15,-24,-91*44
wru,1,0.010,0.14,-26,-98*27
wru,2,0.014,0.14,-26,-90*f6
wru,3,0.017,0.14,-27,-85*9e
wrx,80.34,-0.005,0.005,0.002,0.002,0.12,y,0*6e
wrt,0.15,0.14,0.14,0.14*07
wrz,-0.005,0.005,0.002,y,0.12,0.002,2.3199195311462972e-06;-2.46480027499274e-08;-1.8406998947284592e-07;-2.46480027499274e-08;2.1800569811603054e-06;-7.234041987658202e-08;-1.8406998947284592e-07;-7.234041987658202e-08;2.015280387013263e-07,1550139645515103,1550139645698338,80.34,0*66
wru,0,0.005,0.15,-24,-91*44
wru,1,0.001,0.14,-26,-97*5a
wru,2,-0.001,0.14,-29,-90*2c
wru,3,0.001,0.14,-28,-84*4c
wrx,82.64,-0.004,0.000,-0.010,0.002,0.12,y,0*dc
wrt,0.15,0.14,0.15,0.14*2e
wrz,-0.004,0.000,-0.010,y,0.12,0.002,2.2517087927553803e-06;-5.177404887035664e-07;-1.669235700774152e-07;-5.177404887035664e-07;2.1226010176178534e-06;-7.733950013744106e-08;-1.669235700774152e-07;-7.733950013744106e-08;1.9600516054651962e-07,1550139645594109,1550139645699421,82.64,0*5c
wru,0,-0.008,0.15,-25,-91*93
wru,1,-0.009,0.14,-26,-97*7f
wru,2,-0.011,0.15,-29,-91*e7
wru,3,-0.011,0.14,-27,-84*06
wrp,1550139645.745,-3.80,0.66,7.48,2.7,82.1,45.9,93.2,0*12
wrx,78.74,0.007,-0.019,-0.015,0.001,0.12,y,0*dc
wrt,0.15,0.14,0.14,0.14*07
wrz,0.007,-0.019,-0.015,y,0.12,0.001,1.3002349987800699e-06;9.523435551272996e-08;8.815004548523575e-08;9.523435551272996e-08;1.4975589692767244e-06;-1.4925690550171566e-07;8.815004548523575e-08;-1.4925690550171566e-07;1.5374804718248924e-07,1550139645678080,1550139645818976,78.74,0*f9
wru,0,-0.022,0.15,-26,-90*af
wru,1,-0.008,0.14,-26,-97*9a
wru,2,-0.010,0.14,-28,-91*19
wru,3,-0.015,0.14,-26,-83*ec
wrx,81.48,0.013,-0.024,-0.018,0.001,0.12,n,0*ae
wrt,0.15,0.14,0.14,0.14*07
wrz,0.013,-0.024,-0.018,n,0.12,0.001,1.5806232340764836e-06;2.3188934505924408e-07;8.40133580481961e-08;2.3188934505924408e-07;1.9396265997784212e-06;-2.0924964871937846e-07;8.40133580481961e-08;-2.0924964871937846e-07;1.9820330976472178e-07,1550139645756825,1550139645938594,81.48,0*14
wru,0,-0.028,0.15,-26,-90*5f
wru,1,-0.010,0.14,-26,-96*15
wru,2,-0.011,0.14,-28,-90*fb
wru,3,-0.017,0.14,-27,-83*43
wrx,75.18,0.012,-0.026,-0.011,0.002,0.12,y,0*eb
wrt,0.15,0.15,0.14,0.15*1f
wrz,0.012,-0.026,-0.011,y,0.12,0.002,1.843814288804424e-06;-4.360154264304583e-07;1.4100290002261318e-07;-4.360154264304583e-07;2.4588830456195865e-06;-3.483476973542565e-07;1.4100290002261318e-07;-3.483476973542565e-07;2.2339045813168923e-07,1550139645838298,1550139645939543,75.18,0*a6
wru,0,-0.022,0.15,-26,-91*a8
wru,1,-0.005,0.15,-25,-97*00
wru,2,-0.006,0.14,-27,-90*cb
wru,3,-0.013,0.15,-27,-84*b2
wrp,1550139645.967,-3.81,0.66,7.47,2.7,81.8,46.6,94.8,0*52
wrx,77.39,0.015,-0.024,-0.015,0.002,0.12,y,0*50
wrt,0.15,0.15,0.14,0.15*1f
wrz,0.015,-0.024,-0.015,y,0.12,0.002,1.9766775949392468e-06;-4.920181027046056e-07;7.422944037216439e-08;-4.920181027046056e-07;2.4755645426921546e-06;-2.86198797994075e-07;7.422944037216439e-08;-2.86198797994075e-07;2.241228571620013e-07,1550139645913489,1550139646058663,77.39,0*b3
wru,0,-0.026,0.15,-26,-92*3c
wru,1,-0.008,0.15,-25,-98*68
wru,2,-0.009,0.14,-27,-91*44
wru,3,-0.014,0.15,-25,-85*c4
wrx,81.87,-0.003,-0.015,-0.009,0.002,0.12,y,0*73
wrt,0.15,0.15,0.14,0.15*1f
wrz,-0.003,-0.015,-0.009,y,0.12,0.002,3.554539944161661e-06;-1.8494645246391883e-06;-1.6146708503583795e-07;-1.8494645246391883e-06;3.512928742566146e-06;-1.0203768141536784e-07;-1.6146708503583795e-07;-1.0203768141536784e-07;2.319073217904588e-07,1550139645990880,1550139646178518,81.87,0*3e
wru,0,-0.011,0.15,-26,-90*5f
wru,1,-0.003,0.15,-26,-96*f1
wru,2,-0.005,0.14,-27,-90*e3
wru,3,-0.013,0.15,-24,-84*14
wrx,82.62,0.002,-0.005,-0.005,0.002,0.12,y,0*1b
wrt,0.15,0.14,0.15,0.15*29
wrz,0.002,-0.005,-0.005,y,0.12,0.002,2.8574543193826685e-06;-3.326847206608363e-07;-3.758311208912346e-07;-3.326847206608363e-07;2.278614374517929e-06;2.3632310330867767e-08;-3.758311208912346e-07;2.3632310330867767e-08;2.4334437398465525e-07,1550139646072743,1550139646179456,82.62,0*36
wru,0,-0.006,0.15,-26,-89*75
wru,1,-0.004,0.14,-26,-95*34
wru,2,-0.002,0.15,-26,-88*60
wru,3,-0.005,0.15,-26,-81*2e
wrp,1550139646.192,-3.81,0.66,7.47,2.7,81.7,46.7,94.9,0*24
wrx,76.36,0.002,0.009,0.006,0.002,0.13,y,0*fb
wrt,0.15,0.15,0.15,0.15*36
wrz,0.002,0.009,0.006,y,0.13,0.002,2.5670572085800814e-06;-7.335542022701702e-07;-2.0095119168672682e-07;-7.335542022701702e-07;2.3774659894115757e-06;3.685284255539045e-08;-2.0095119168672682e-07;3.685284255539045e-08;2.0460359451135446e-07,1550139646155374,1550139646299012,76.36,0*e7
wru,0,0.007,0.15,-26,-92*44
wru,1,0.003,0.15,-25,-98*65
wru,2,0.003,0.15,-26,-93*86
wru,3,0.009,0.15,-25,-86*f2
wrx,79.95,-0.001,0.001,0.008,0.002,0.12,y,0*74
wrt,0.15,0.15,0.14,0.15*1f
wrz,-0.001,0.001,0.008,y,0.12,0.002,3.0209903343347833e-06;-1.3639162261824822e-06;-8.108336402301575e-08;-1.3639162261824822e-06;3.0735627660760656e-06;-1.3204844151459838e-07;-8.108336402301575e-08;-1.3204844151459838e-07;2.1882929956973385e-07,1550139646231723,1550139646418767,79.95,0*58
wru,0,0.007,0.15,-26,-90*4a
wru,1,0.007,0.15,-26,-95*7d
wru,2,0.006,0.14,-27,-90*ec
wru,3,0.007,0.15,-25,-83*84
wrx,75.10,-0.003,0.001,0.001,0.002,0.12,y,0*77
wrt,0.15,0.15,0.14,0.15*1f
wrz,-0.003,0.001,0.001,y,0.12,0.002,3.2821346849232214e-06;-1.5210401898002601e-06;-8.999975875667587e-08;-1.5210401898002601e-06;3.423639327593264e-06;-2.038328830167302e-07;-8.999975875667587e-08;-2.038328830167302e-07;2.3582893504681124e-07,1550139646311520,1550139646419563,75.10,0*21
wru,0,0.002,0.15,-26,-90*32
wru,1,0.002,0.15,-25,-96*aa
wru,2,-0.001,0.14,-27,-89*54
wru,3,0.001,0.15,-25,-82*d3
wrp,1550139646.417,-3.81,0.66,7.47,2.7,81.6,46.2,94.4,0*9e
wrx,74.71,-0.000,-0.013,0.003,0.002,0.12,y,0*20
wrt,0.15,0.15,0.14,0.15*1f
wrz,-0.000,-0.013,0.003,y,0.12,0.002,3.311895625301986e-06;-1.4547927094099578e-06;-1.295738485396214e-07;-1.4547927094099578e-06;3.431051936786389e-06;-2.0857721949596453e-07;-1.295738485396214e-07;-2.0857721949596453e-07;2.442566824356618e-07,1550139646386785,1550139646538763,74.71,0*e1
wru,0,-0.001,0.15,-26,-90*ea
wru,1,0.007,0.15,-25,-97*d5
wru,2,0.006,0.14,-27,-90*ec
wru,3,-0.000,0.15,-25,-83*fe
wrx,86.92,-0.005,-0.015,0.000,0.003,0.12,y,0*f6
wrt,0.15,0.14,0.14,0.15*00
wrz,-0.005,-0.015,0.000,y,0.12,0.003,4.911137693852652e-06;-2.053039452221128e-06;-4.148702714701358e-07;-2.053039452221128e-06;5.053854238212807e-06;-4.699653572970419e-07;-4.148702714701358e-07;-4.699653572970419e-07;3.924991744952422e-07,1550139646461499,1550139646658878,86.92,0*8a
wru,0,-0.003,0.15,-26,-91*20
wru,1,0.006,0.14,-26,-97*ef
wru,2,0.002,0.14,-26,-92*1d
wru,3,-0.005,0.15,-25,-84*93
wrx,79.20,0.001,0.004,-0.007,0.002,0.12,y,0*10
wrt,0.15,0.14,0.14,0.15*00
wrz,0.001,0.004,-0.007,y,0.12,0.002,3.988517619291088e-06;-1.641012090658478e-06;-2.663428517735156e-07;-1.641012090658478e-06;4.308459210733417e-06;-4.214157627302484e-07;-2.663428517735156e-07;-4.214157627302484e-07;3.340088596814894e-07,1550139646548122,1550139646659931,79.20,0*af
wru,0,-0.006,0.15,-26,-89*75
wru,1,-0.007,0.14,-26,-96*15
wru,2,-0.008,0.14,-26,-90*c4
wru,3,-0.005,0.15,-25,-82*81
wrp,1550139646.618,-3.81,0.65,7.47,2.7,81.2,46.9,94.2,0*84
wrx,79.69,0.000,-0.011,-0.005,0.003,0.12,y,0*b7
wrt,0.15,0.14,0.14,0.15*00
wrz,0.000,-0.011,-0.005,y,0.12,0.003,4.549000550468918e-06;-1.8880057268688688e-06;-2.608899194456171e-07;-1.8880057268688688e-06;4.539491783361882e-06;-2.4042844870564295e-07;-2.608899194456171e-07;-2.4042844870564295e-07;3.3838375657069264e-07,1550139646627607,1550139646778578,79.69,0*69
wru,0,-0.008,0.15,-26,-92*3c
wru,1,-0.001,0.14,-26,-98*6f
wru,2,-0.002,0.14,-26,-93*3d
wru,3,-0.007,0.15,-27,-86*94
wrx,77.88,-0.001,-0.003,-0.005,0.002,0.12,y,0*8a
wrt,0.15,0.15,0.14,0.15*1f
wrz,-0.001,-0.003,-0.005,y,0.12,0.002,4.074241132911993e-06;-2.0027418941026554e-06;-4.987028390246451e-08;-2.0027418941026554e-06;4.072283900313778e-06;-3.92257177850297e-08;-4.987028390246451e-08;-3.92257177850297e-08;2.6828720933735895e-07,1550139646707306,1550139646898557,77.88,0*cf
wru,0,-0.008,0.15,-26,-93*3b
wru,1,-0.003,0.15,-26,-94*ff
wru,2,-0.006,0.14,-26,-92*a7
wru,3,-0.006,0.15,-28,-86*41
wrp,1550139646.842,-3.81,0.65,7.46,2.7,80.5,47.1,94.3,0*0e
wrx,75.64,0.005,-0.000,0.004,0.002,0.12,y,0*23
wrt,0.15,0.14,0.14,0.15*00
wrz,0.005,-0.000,0.004,y,0.12,0.002,4.228243597026449e-06;-1.6352394140994875e-06;-2.7883635311809485e-07;-1.6352394140994875e-06;4.25347843702184e-06;-2.9672585810658347e-07;-2.7883635311809485e-07;-2.9672585810658347e-07;3.31215289861575e-07,1550139646785184,1550139646899834,75.64,0*ef
wru,0,0.002,0.15,-26,-90*32
wru,1,0.003,0.14,-26,-96*90
wru,2,0.005,0.14,-26,-92*a8
wru,3,0.005,0.15,-27,-83*8d
wrx,78.38,0.003,0.006,0.002,0.003,0.12,y,0*7a
wrt,0.15,0.14,0.14,0.15*00
wrz,0.003,0.006,0.002,y,0.12,0.003,4.411725058162119e-06;-2.284827360199415e-06;-2.6347581183472357e-07;-2.284827360199415e-06;4.5220385800348595e-06;-3.1844490422372473e-07;-2.6347581183472357e-07;-3.1844490422372473e-07;3.0198137324077834e-07,1550139646860813,1550139647018571,78.38,0*dd
wru,0,0.002,0.15,-26,-92*3c
wru,1,-0.001,0.14,-25,-97*e4
wru,2,0.000,0.14,-25,-93*71
wru,3,0.004,0.15,-25,-85*be
wrx,77.85,0.003,0.003,-0.004,0.003,0.12,y,0*9b
wrt,0.15,0.14,0.14,0.15*00
wrz,0.003,0.003,-0.004,y,0.12,0.003,4.3652144086081535e-06;-1.9894955585186835e-06;-3.422351824156067e-07;-1.9894955585186835e-06;4.586674549500458e-06;-4.393821200210368e-07;-3.422351824156067e-07;-4.393821200210368e-07;3.4346226129855495e-07,1550139646939211,1550139647148370,77.85,0*38
wru,0,-0.004,0.15,-26,-90*92
wru,1,-0.004,0.14,-25,-97*9c
wru,2,-0.004,0.14,-26,-92*6a
wru,3,-0.002,0.15,-25,-84*26
wrp,1550139647.043,-3.81,0.65,7.46,2.7,80.6,46.9,94.3,0*28
wrx,82.64,-0.000,-0.005,-0.004,0.003,0.12,y,0*df
wrt,0.15,0.14,0.14,0.15*00
wrz,-0.000,-0.005,-0.004,y,0.12,0.003,4.266320047463523e-06;-1.8242084252051427e-06;-3.3858344750115066e-07;-1.8242084252051427e-06;4.59573493571952e-06;-4.779423079526168e-07;-3.3858344750115066e-07;-4.779423079526168e-07;3.5533787468011724e-07,1550139647017059,1550139647149787,82.64,0*6a
wru,0,-0.005,0.15,-26,-91*70
wru,1,-0.002,0.14,-25,-97*cc
wru,2,-0.002,0.14,-26,-92*3a
wru,3,-0.005,0.15,-25,-84*93
wrx,79.56,0.003,0.003,-0.007,0.002,0.12,y,0*14
wrt,0.15,0.14,0.14,0.15*00
wrz,0.003,0.003,-0.007,y,0.12,0.002,4.130201887164731e-06;-1.9274657461210154e-06;-2.583461196081771e-07;-1.9274657461210154e-06;4.32712840847671e-06;-3.582348995223583e-07;-2.583461196081771e-07;-3.582348995223583e-07;3.1540102440885676e-07,1550139647099687,1550139647268360,79.56,0*bc
wru,0,-0.007,0.15,-26,-90*ba
wru,1,-0.008,0.14,-26,-95*94
wru,2,-0.007,0.14,-26,-90*4c
wru,3,-0.005,0.15,-25,-82*81
wrx,76.22,0.003,-0.003,0.001,0.002,0.12,y,0*42
wrt,0.15,0.14,0.14,0.15*00
wrz,0.003,-0.003,0.001,y,0.12,0.002,3.923105396097526e-06;-1.6451959936603089e-06;-2.3619423927812022e-07;-1.6451959936603089e-06;4.065089342475403e-06;-3.1505749120697146e-07;-2.3619423927812022e-07;-3.1505749120697146e-07;3.038806539734651e-07,1550139647179246,1550139647388514,76.22,0*d5
wru,0,-0.001,0.15,-26,-92*e4
wru,1,0.001,0.14,-26,-95*54
wru,2,0.002,0.14,-26,-91*14
wru,3,0.001,0.15,-25,-85*c6
wrp,1550139647.317,-3.81,0.65,7.46,2.7,80.8,46.9,94.5,0*74
wrx,77.30,0.001,0.004,-0.004,0.002,0.12,y,0*a4
wrt,0.15,0.14,0.14,0.15*00
wrz,0.001,0.004,-0.004,y,0.12,0.002,3.833829850918846e-06;-1.8681363371797488e-06;-1.611764872677668e-07;-1.8681363371797488e-06;3.952792667405447e-06;-2.4087100314318377e-07;-1.611764872677668e-07;-2.4087100314318377e-07;2.6913303941000777e-07,1550139647255478,1550139647389740,77.30,0*5f
wru,0,-0.003,0.15,-26,-91*20
wru,1,-0.005,0.14,-26,-98*f2
wru,2,-0.005,0.14,-26,-92*8f
wru,3,-0.002,0.15,-26,-85*87
wrx,79.26,0.004,0.000,0.001,0.003,0.12,y,0*cd
wrt,0.15,0.14,0.14,0.15*00
wrz,0.004,0.000,0.001,y,0.12,0.003,5.068249265605118e-06;-2.3414463612425607e-06;-4.5729902353741636e-07;-2.3414463612425607e-06;4.732175511890091e-06;-3.011423643783928e-07;-4.5729902353741636e-07;-3.011423643783928e-07;3.5453712143862504e-07,1550139647332772,1550139647508635,79.26,0*71
wru,0,-0.001,0.15,-26,-89*c0
wru,1,0.000,0.14,-26,-96*b8
wru,2,0.001,0.14,-26,-90*3b
wru,3,0.002,0.15,-25,-82*fb
wrx,82.19,0.004,0.005,-0.002,0.003,0.12,y,0*65
wrt,0.15,0.14,0.14,0.15*00
wrz,0.004,0.005,-0.002,y,0.12,0.003,4.458630883164005e-06;-2.001843540710979e-06;-3.503498078316625e-07;-2.001843540710979e-06;4.3192571865802165e-06;-2.788193000924366e-07;-3.503498078316625e-07;-2.788193000924366e-07;3.2077426226351236e-07,1550139647412030,1550139647628510,82.19,0*06
wru,0,-0.002,0.15,-26,-92*cc
wru,1,-0.004,0.14,-26,-97*3a
wru,2,-0.002,0.14,-26,-92*3a
wru,3,0.001,0.15,-25,-85*c6
wrp,1550139647.544,-3.81,0.66,7.46,2.7,80.6,46.7,94.3,0*96
wrx,82.43,0.003,0.000,-0.002,0.003,0.12,y,0*d6
wrt,0.15,0.14,0.14,0.15*00
wrz,0.003,0.000,-0.002,y,0.12,0.003,4.664971129386686e-06;-2.413669335510349e-06;-2.98723250580224e-07;-2.413669335510349e-06;4.703066224465147e-06;-3.1802940725356166e-07;-2.98723250580224e-07;-3.1802940725356166e-07;3.158428398819524e-07,1550139647494122,1550139647629915,82.43,0*93
wru,0,-0.003,0.15,-26,-90*27
wru,1,-0.003,0.14,-25,-98*04
wru,2,-0.002,0.14,-26,-91*33
wru,3,-0.001,0.15,-25,-83*1b
wrx,79.75,0.002,0.001,-0.002,0.003,0.12,y,0*66
wrt,0.15,0.14,0.14,0.15*00
wrz,0.002,0.001,-0.002,y,0.12,0.003,4.9554341785551514e-06;-1.9844462713081157e-06;-4.55644823205148e-07;-1.9844462713081157e-06;4.9496502469992265e-06;-4.530106707534287e-07;-4.55644823205148e-07;-4.530106707534287e-07;3.9873418700153707e-07,1550139647576646,1550139647748565,79.75,0*47
wru,0,-0.003,0.15,-26,-91*20
wru,1,-0.003,0.14,-26,-98*a2
wru,2,-0.002,0.14,-26,-91*33
wru,3,-0.001,0.15,-25,-84*0e
wrx,76.68,-0.002,-0.002,-0.003,0.003,0.12,y,0*a1
wrt,0.15,0.15,0.14,0.15*1f
wrz,-0.002,-0.002,-0.003,y,0.12,0.003,4.344521130406065e-06;-2.737096792770899e-06;-1.197962120613738e-07;-2.737096792770899e-06;4.347058620624011e-06;-1.2190729137273593e-07;-1.197962120613738e-07;-1.2190729137273593e-07;2.2945043554045697e-07,1550139647656398,1550139647868689,76.68,0*0d
wru,0,-0.005,0.15,-26,-90*77
wru,1,-0.002,0.15,-26,-96*14
wru,2,-0.004,0.14,-26,-91*63
wru,3,-0.004,0.15,-25,-83*63
wrp,1550139647.744,-3.81,0.66,7.46,2.7,80.7,46.8,94.4,0*6d
wrx,78.12,0.001,-0.001,0.001,0.002,0.12,y,0*ba
wrt,0.15,0.14,0.14,0.15*00
wrz,0.001,-0.001,0.001,y,0.12,0.002,4.0777322283247486e-06;-1.6253885632977472e-06;-2.833095891219273e-07;-1.6253885632977472e-06;4.2685219341365155e-06;-3.7865342505938315e-07;-2.833095891219273e-07;-3.7865342505938315e-07;3.303605922155839e-07,1550139647733079,1550139647870012,78.12,0*16
wru,0,0.000,0.15,-26,-92*f1
wru,1,0.001,0.14,-26,-99*70
wru,2,0.001,0.14,-26,-93*32
wru,3,0.001,0.15,-25,-85*c6
wrx,82.48,0.003,0.005,-0.005,0.003,0.12,y,0*32
wrt,0.15,0.14,0.14,0.15*00
wrz,0.003,0.005,-0.005,y,0.12,0.003,4.683702172769699e-06;-2.0683053207903868e-06;-4.1328331690237974e-07;-2.0683053207903868e-06;4.319165782362688e-06;-2.250457669106254e-07;-4.1328331690237974e-07;-2.250457669106254e-07;3.307797840079729e-07,1550139647811196,1550139647988572,82.48,0*7a
wru,0,-0.005,0.15,-26,-90*77
wru,1,-0.007,0.14,-25,-96*b3
wru,2,-0.006,0.14,-26,-90*a9
wru,3,-0.003,0.15,-25,-82*d1
wrp,1550139647.946,-3.81,0.66,7.46,2.7,80.6,46.8,94.2,0*0a
wrx,80.53,0.001,-0.004,0.003,0.002,0.12,y,0*b9
wrt,0.15,0.14,0.14,0.15*00
wrz,0.001,-0.004,0.003,y,0.12,0.002,4.24939980803174e-06;-1.881396428871085e-06;-2.824048408456292e-07;-1.881396428871085e-06;4.176549282419728e-06;-2.40389425698595e-07;-2.824048408456292e-07;-2.40389425698595e-07;3.066481326641224e-07,1550139647893673,1550139648108295,80.53,0*af
wru,0,0.002,0.15,-26,-92*3c
wru,1,0.004,0.14,-26,-98*0f
wru,2,0.004,0.14,-26,-93*4a
wru,3,0.002,0.15,-25,-86*e7
wrx,81.38,0.002,0.017,-0.009,0.002,0.12,y,0*5a
wrt,0.15,0.14,0.14,0.15*00
wrz,0.002,0.017,-0.009,y,0.12,0.002,4.1823554965958465e-06;-1.7965451206691796e-06;-3.1962380830918846e-07;-1.7965451206691796e-06;4.134552909818012e-06;-2.9349124019972805e-07;-3.1962380830918846e-07;-2.9349124019972805e-07;3.18172396873706e-07,1550139647974209,1550139648109211,81.38,0*63
wru,0,-0.005,0.15,-26,-91*70
wru,1,-0.014,0.14,-26,-98*a2
wru,2,-0.012,0.14,-26,-91*86
wru,3,-0.003,0.15,-24,-84*a1
wrx,76.26,-0.002,-0.007,-0.004,0.003,0.12,y,0*2d
wrt,0.15,0.15,0.14,0.15*1f
wrz,-0.002,-0.007,-0.004,y,0.12,0.003,4.047369657200761e-06;-2.317088728887029e-06;-1.348902571862709e-07;-2.317088728887029e-06;3.993321570305852e-06;-6.731040969043534e-08;-1.348902571862709e-07;-6.731040969043534e-08;2.344017389077635e-07,1550139648055588,1550139648228691,76.26,0*6d
wru,0,-0.006,0.15,-26,-91*58
wru,1,-0.001,0.15,-26,-98*16
wru,2,-0.004,0.14,-26,-91*63
wru,3,-0.006,0.15,-25,-85*bc
wrp,1550139648.167,-3.81,0.66,7.46,2.7,81.7,46.5,95.1,0*4c
wrx,75.44,0.002,0.009,-0.008,0.002,0.13,y,0*4d
wrt,0.15,0.15,0.15,0.15*36
wrz,0.002,0.009,-0.008,y,0.13,0.002,2.696934870982659e-06;-7.202260690064577e-07;-2.364266151744232e-07;-7.202260690064577e-07;2.51601409217983e-06;1.104741755852956e-07;-2.364266151744232e-07;1.104741755852956e-07;2.2484360329144693e-07,1550139648131858,1550139648230194,75.44,0*b9
wru,0,-0.006,0.15,-26,-91*58
wru,1,-0.010,0.15,-26,-97*6b
wru,2,-0.010,0.15,-26,-92*3b
wru,3,-0.004,0.15,-26,-85*d7
wrx,75.95,-0.001,-0.007,0.001,0.002,0.13,y,0*c2
wrt,0.15,0.15,0.15,0.15*36
wrz,-0.001,-0.007,0.001,y,0.13,0.002,2.728929985096329e-06;-8.963750701695972e-07;-2.633215103742259e-07;-8.963750701695972e-07;2.5154811282845913e-06;1.4888587429595646e-07;-2.633215103742259e-07;1.4888587429595646e-07;2.1548960660311423e-07,1550139648207297,1550139648348417,75.95,0*17
wru,0,-0.001,0.15,-26,-89*c0
wru,1,0.003,0.15,-25,-95*46
wru,2,0.002,0.15,-25,-89*e6
wru,3,-0.002,0.15,-25,-82*34
wrx,79.93,0.000,0.000,-0.002,0.002,0.13,y,0*61
wrt,0.15,0.15,0.15,0.15*36
wrz,0.000,0.000,-0.002,y,0.13,0.002,2.824433522619074e-06;-9.100187980948249e-07;-1.8803262946676114e-07;-9.100187980948249e-07;2.7490955289977137e-06;1.360362205105048e-07;-1.8803262946676114e-07;1.360362205105048e-07;2.234634308706518e-07,1550139648283244,1550139648468323,79.93,0*2f
wru,0,-0.003,0.15,-26,-90*27
wru,1,-0.001,0.15,-25,-96*9a
wru,2,-0.002,0.15,-26,-90*4d
wru,3,-0.001,0.15,-26,-82*ba
wrp,1550139648.367,-3.81,0.66,7.46,2.7,82.2,46.3,95.2,0*11
wrx,80.74,0.003,-0.001,0.007,0.002,0.13,y,0*78
wrt,0.15,0.15,0.15,0.15*36
wrz,0.003,-0.001,0.007,y,0.13,0.002,3.0435819553531474e-06;-1.2489092569012428e-06;-2.4371800577682734e-07;-1.2489092569012428e-06;2.8190422654006397e-06;1.080060698654961e-07;-2.4371800577682734e-07;1.080060698654961e-07;2.2278648259543843e-07,1550139648363170,1550139648469806,80.74,0*d5
wru,0,0.004,0.15,-26,-91*65
wru,1,0.006,0.15,-25,-97*30
wru,2,0.007,0.15,-26,-91*15
wru,3,0.007,0.15,-25,-84*91
wrx,77.99,0.001,0.001,-0.000,0.002,0.13,y,0*0b
wrt,0.15,0.15,0.15,0.15*36
wrz,0.001,0.001,-0.000,y,0.13,0.002,2.8296703931118827e-06;-8.13490885320789e-07;-2.492916451046767e-07;-8.13490885320789e-07;2.5507852114969864e-06;2.362703277469791e-08;-2.492916451046767e-07;2.362703277469791e-08;2.207021196909409e-07,1550139648443899,1550139648588484,77.99,0*a8
wru,0,-0.001,0.15,-26,-91*ed
wru,1,-0.000,0.15,-25,-98*55
wru,2,-0.001,0.15,-26,-92*6b
wru,3,0.001,0.15,-25,-84*c1
wrx,81.57,0.000,-0.003,-0.005,0.002,0.13,y,0*4d
wrt,0.15,0.15,0.15,0.15*36
wrz,0.000,-0.003,-0.005,y,0.13,0.002,2.6136456199310487e-06;-7.207747785287211e-07;-2.2744944772057352e-07;-7.207747785287211e-07;2.3637956019229023e-06;1.5913107276332994e-08;-2.2744944772057352e-07;1.5913107276332994e-08;2.0796214528218115e-07,1550139648521901,1550139648708607,81.57,0*15
wru,0,-0.006,0.15,-26,-92*51
wru,1,-0.004,0.15,-25,-98*c8
wru,2,-0.004,0.15,-27,-93*76
wru,3,-0.005,0.15,-25,-85*94
wrp,1550139648.593,-3.81,0.66,7.46,2.7,81.9,46.2,94.8,0*e4
wrx,77.68,-0.001,-0.006,-0.005,0.002,0.13,y,0*51
wrt,0.15,0.15,0.15,0.15*36
wrz,-0.001,-0.006,-0.005,y,0.13,0.002,2.747692178672878e-06;-9.183704605675302e-07;-2.072387417229038e-07;-9.183704605675302e-07;2.5517285848764004e-06;4.240936135602169e-08;-2.072387417229038e-07;4.240936135602169e-08;2.1041222453277442e-07,1550139648603436,1550139648709853,77.68,0*19
wru,0,-0.007,0.15,-26,-92*b4
wru,1,-0.002,0.15,-25,-97*b5
wru,2,-0.004,0.15,-26,-92*13
wru,3,-0.006,0.15,-25,-85*bc
wrx,77.61,0.001,-0.005,-0.001,0.002,0.13,y,0*e2
wrt,0.15,0.15,0.15,0.15*36
wrz,0.001,-0.005,-0.001,y,0.13,0.002,2.9956522666907404e-06;-8.944697924562206e-07;-2.5418967197765596e-07;-8.944697924562206e-07;2.7623618734651245e-06;9.558121405461861e-08;-2.5418967197765596e-07;9.558121405461861e-08;2.3557110750971333e-07,1550139648681162,1550139648828362,77.61,0*8d
wru,0,-0.003,0.15,-26,-92*29
wru,1,0.000,0.15,-25,-98*4d
wru,2,0.000,0.15,-26,-93*ae
wru,3,-0.002,0.15,-26,-86*8e
wrx,77.20,0.001,-0.001,-0.008,0.002,0.13,y,0*70
wrt,0.15,0.15,0.15,0.15*36
wrz,0.001,-0.001,-0.008,y,0.13,0.002,2.7929313546337653e-06;-8.391672849938914e-07;-2.0303086500916834e-07;-8.391672849938914e-07;2.656541028045467e-06;1.0503119085569779e-07;-2.0303086500916834e-07;1.0503119085569779e-07;2.2650878861441015e-07,1550139648758769,1550139648948795,77.20,0*92
wru,0,-0.008,0.15,-26,-92*3c
wru,1,-0.007,0.15,-25,-97*cd
wru,2,-0.007,0.15,-26,-92*3b
wru,3,-0.007,0.15,-26,-85*ff
wrp,1550139648.842,-3.81,0.66,7.46,2.7,82.2,46.4,95.2,0*02
wrx,78.41,0.002,-0.003,0.007,0.002,0.13,y,0*c4
wrt,0.15,0.15,0.15,0.15*36
wrz,0.002,-0.003,0.007,y,0.13,0.002,3.0367393719643587e-06;-9.94358515526983e-07;-1.8063268214518757e-07;-9.94358515526983e-07;2.957957576654735e-06;1.1792824494705201e-07;-1.8063268214518757e-07;1.1792824494705201e-07;2.4218738303716236e-07,1550139648835963,1550139648951277,78.41,0*0d
wru,0,0.005,0.15,-26,-91*80
wru,1,0.007,0.15,-25,-97*d5
wru,2,0.008,0.15,-26,-91*9d
wru,3,0.007,0.15,-25,-84*91
wrx,82.15,-0.001,0.006,-0.006,0.002,0.13,y,0*4c
wrt,0.15,0.15,0.15,0.15*36
wrz,-0.001,0.006,-0.006,y,0.13,0.002,3.014704589077155e-06;-9.558311830915045e-07;-2.0664455746555177e-07;-9.558311830915045e-07;2.8751571790053276e-06;9.367467868059975e-08;-2.0664455746555177e-07;9.367467868059975e-08;2.3780053481914365e-07,1550139648914332,1550139649068310,82.15,0*5b
wru,0,-0.004,0.15,-26,-90*92
wru,1,-0.006,0.15,-25,-96*2f
wru,2,-0.008,0.15,-26,-91*ba
wru,3,-0.004,0.15,-25,-82*64
wrp,1550139649.042,-3.81,0.66,7.46,2.7,82.3,46.0,94.8,0*f6
wrx,81.53,-0.000,0.005,-0.000,0.002,0.13,y,0*d9
wrt,0.15,0.15,0.15,0.15*36
wrz,-0.000,0.005,-0.000,y,0.13,0.002,2.965491376016871e-06;-8.075750201896881e-07;-1.752444092062433e-07;-8.075750201896881e-07;2.8372485303407302e-06;-1.6604165820055528e-09;-1.752444092062433e-07;-1.6604165820055528e-09;2.3468014376248902e-07,1550139648996514,1550139649189044,81.53,0*96
wru,0,0.001,0.15,-26,-90*1a
wru,1,-0.002,0.15,-25,-96*b2
wru,2,-0.002,0.15,-26,-90*4d
wru,3,0.001,0.15,-25,-83*d4
wrx,76.91,0.000,0.005,0.001,0.002,0.13,y,0*ee
wrt,0.15,0.15,0.15,0.15*36
wrz,0.000,0.005,0.001,y,0.13,0.002,2.8293845844018506e-06;-1.0167042319153552e-06;-1.7748152458807454e-07;-1.0167042319153552e-06;2.686694642761722e-06;3.2124660265253624e-08;-1.7748152458807454e-07;3.2124660265253624e-08;2.1024902707722504e-07,1550139649078036,1550139649189863,76.91,0*c8
wru,0,0.002,0.15,-26,-91*35
wru,1,0.000,0.15,-25,-97*60
wru,2,-0.001,0.15,-26,-92*6b
wru,3,0.003,0.15,-25,-84*0c
wrx,80.40,-0.004,0.005,0.002,0.001,0.13,y,0*23
wrt,0.15,0.15,0.15,0.15*36
wrz,-0.004,0.005,0.002,y,0.13,0.001,1.4795746210438665e-06;2.6019492338491546e-07;1.0302499475756122e-07;2.6019492338491546e-07;1.663509806348884e-06;-1.9244049553890363e-07;1.0302499475756122e-07;-1.9244049553890363e-07;1.463096026554922e-07,1550139649154967,1550139649308623,80.40,0*1f
wru,0,0.005,0.15,-26,-90*87
wru,1,0.001,0.15,-25,-97*85
wru,2,0.000,0.15,-26,-91*a0
wru,3,0.002,0.15,-25,-84*e9
wrp,1550139649.267,-3.81,0.66,7.46,2.7,82.6,45.6,94.7,0*e1
wrx,81.12,-0.002,0.002,0.000,0.001,0.13,y,0*c1
wrt,0.15,0.15,0.15,0.15*36
wrz,-0.002,0.002,0.000,y,0.13,0.001,1.4431176396101364e-06;2.220095467464489e-07;9.269930956179451e-08;2.220095467464489e-07;1.643321866140468e-06;-1.9341082690971234e-07;9.269930956179451e-08;-1.9341082690971234e-07;1.4399564918221586e-07,1550139649235350,1550139649428430,81.12,0*03
wru,0,0.001,0.15,-26,-89*30
wru,1,0.000,0.15,-25,-96*67
wru,2,-0.001,0.15,-26,-90*65
wru,3,0.000,0.15,-25,-83*31
wrx,78.14,-0.005,0.008,0.000,0.001,0.13,y,0*55
wrt,0.15,0.15,0.15,0.15*36
wrz,-0.005,0.008,0.000,y,0.13,0.001,1.404930912940472e-06;1.9295512743155996e-07;9.580186599578155e-08;1.9295512743155996e-07;1.6094047623482766e-06;-1.9379399418539833e-07;9.580186599578155e-08;-1.9379399418539833e-07;1.4170967688187375e-07,1550139649316474,1550139649429513,78.14,0*7c
wru,0,0.004,0.15,-26,-90*62
wru,1,-0.001,0.15,-25,-97*9d
wru,2,-0.003,0.15,-26,-91*af
wru,3,0.001,0.15,-25,-83*d4
wrx,80.50,-0.004,0.012,-0.004,0.002,0.13,y,0*f0
wrt,0.15,0.15,0.15,0.15*36
wrz,-0.004,0.012,-0.004,y,0.13,0.002,2.2331078071147203e-06;-7.32314049400884e-07;-9.116308774537174e-08;-7.32314049400884e-07;2.1975067738821963e-06;1.6218075771234908e-08;-9.116308774537174e-08;1.6218075771234908e-08;1.7264051166421268e-07,1550139649394502,1550139649548550,80.50,0*9a
wru,0,-0.000,0.15,-26,-90*0f
wru,1,-0.006,0.15,-25,-98*05
wru,2,-0.009,0.15,-27,-90*3a
wru,3,-0.002,0.15,-25,-84*26
wrp,1550139649.467,-3.81,0.66,7.46,2.7,83.6,45.1,95.1,0*9d
wrx,79.32,0.000,0.010,-0.002,0.002,0.12,y,0*f0
wrt,0.15,0.14,0.15,0.15*29
wrz,0.000,0.010,-0.002,y,0.12,0.002,2.2970295958657516e-06;-7.330334028665675e-07;-9.746545970301668e-08;-7.330334028665675e-07;2.255479557788931e-06;1.712198915981844e-08;-9.746545970301668e-08;1.712198915981844e-08;1.7695523979455174e-07,1550139649475119,1550139649668533,79.32,0*11
wru,0,0.000,0.15,-26,-91*f8
wru,1,-0.004,0.14,-28,-98*45
wru,2,-0.005,0.15,-27,-91*9d
wru,3,0.002,0.15,-26,-85*48
wrx,75.43,-0.000,0.001,0.000,0.002,0.12,y,0*79
wrt,0.15,0.14,0.15,0.15*29
wrz,-0.000,0.001,0.000,y,0.12,0.002,3.031481355719734e-06;-5.444942416943377e-07;-3.202649452305195e-07;-5.444942416943377e-07;2.624333319545258e-06;2.3150656502934908e-08;-3.202649452305195e-07;2.3150656502934908e-08;2.505925067453063e-07,1550139649554442,1550139649669378,75.43,0*c7
wru,0,-0.001,0.15,-26,-90*ea
wru,1,0.001,0.14,-30,-97*38
wru,2,-0.001,0.15,-27,-91*00
wru,3,0.001,0.15,-26,-84*67
wrp,1550139649.667,-3.81,0.66,7.47,2.7,84.6,44.9,95.2,0*18
wrx,76.86,-0.004,-0.003,-0.007,0.002,0.13,y,0*1f
wrt,0.15,0.17,0.15,0.15*08
wrz,-0.004,-0.003,-0.007,y,0.13,0.002,1.8921966784546385e-06;-8.738809924579982e-07;5.234312894231152e-08;-8.738809924579982e-07;2.1519745132536627e-06;2.0681117973708751e-07;5.234312894231152e-08;2.0681117973708751e-07;1.56713298338218e-07,1550139649629875,1550139649798736,76.86,0*13
wru,0,-0.008,0.15,-26,-90*32
wru,1,-0.005,0.17,-29,-98*49
wru,2,-0.008,0.15,-26,-91*ba
wru,3,-0.009,0.15,-26,-84*95
wrx,78.06,0.003,0.010,0.004,0.002,0.13,y,0*85
wrt,0.15,0.15,0.15,0.15*36
wrz,0.003,0.010,0.004,y,0.13,0.002,2.2732417619408807e-06;-7.513382911383815e-07;-6.397736029839507e-08;-7.513382911383815e-07;2.416524694126565e-06;1.749765061731523e-07;-6.397736029839507e-08;1.749765061731523e-07;1.8842561644305533e-07,1550139649706731,1550139649928325,78.06,0*b7
wru,0,0.006,0.15,-26,-89*85
wru,1,0.000,0.15,-27,-96*a3
wru,2,0.002,0.15,-26,-90*6a
wru,3,0.007,0.15,-26,-83*22
wrx,76.34,-0.004,-0.002,-0.009,0.002,0.13,y,0*73
wrt,0.15,0.15,0.15,0.15*36
wrz,-0.004,-0.002,-0.009,y,0.13,0.002,2.4742300865909783e-06;-7.541761988250073e-07;-4.4352077566145454e-08;-7.541761988250073e-07;2.556778326834319e-06;1.3993265213230188e-07;-4.4352077566145454e-08;1.3993265213230188e-07;2.0901825337205082e-07,1550139649784784,1550139649929486,76.34,0*58
wru,0,-0.009,0.15,-26,-91*d0
wru,1,-0.007,0.15,-27,-99*23
wru,2,-0.010,0.15,-27,-93*5e
wru,3,-0.010,0.15,-26,-85*ff
wrp,1550139649.892,-3.81,0.66,7.47,2.7,85.8,44.9,95.8,0*f1
wrx,75.23,-0.002,-0.002,-0.008,0.002,0.13,y,0*05
wrt,0.15,0.15,0.15,0.15*36
wrz,-0.002,-0.002,-0.008,y,0.13,0.002,2.415818244116963e-06;-2.650860437825031e-07;-9.874348450011894e-08;-2.650860437825031e-07;2.493599367880961e-06;1.655085668517131e-07;-9.874348450011894e-08;1.655085668517131e-07;2.2136352129109582e-07,1550139649861108,1550139650048440,75.23,0*de
wru,0,-0.007,0.15,-26,-92*b4
wru,1,-0.006,0.15,-26,-99*a4
wru,2,-0.007,0.15,-25,-94*8f
wru,3,-0.008,0.15,-25,-86*d8
wrx,78.42,-0.006,-0.017,0.007,0.002,0.13,y,0*eb
wrt,0.15,0.15,0.15,0.15*36
wrz,-0.006,-0.017,0.007,y,0.13,0.002,3.0113276352494722e-06;1.5336655678765965e-07;-3.486339323899301e-07;1.5336655678765965e-07;2.6032303139800206e-06;6.75750158052324e-08;-3.486339323899301e-07;6.75750158052324e-08;2.6418820198159665e-07,1550139649936365,1550139650049403,78.42,0*35
wru,0,0.004,0.15,-26,-90*62
wru,1,0.012,0.15,-25,-98*35
wru,2,0.009,0.15,-25,-91*de
wru,3,-0.000,0.15,-25,-83*fe
wrx,81.55,0.003,0.006,-0.008,0.002,0.13,y,0*17
wrt,0.15,0.15,0.15,0.15*36
wrz,0.003,0.006,-0.008,y,0.13,0.002,3.148213863823912e-06;2.0805282829883254e-08;-3.6741391795658274e-07;2.0805282829883254e-08;2.675101995919249e-06;5.847235584610644e-08;-3.6741391795658274e-07;5.847235584610644e-08;2.777455847535748e-07,1550139650014791,1550139650168566,81.55,0*fb
wru,0,-0.006,0.15,-26,-88*72
wru,1,-0.010,0.15,-25,-97*cd
wru,2,-0.008,0.15,-26,-89*97
wru,3,-0.005,0.15,-25,-81*88
wrp,1550139650.092,-3.81,0.65,7.47,2.7,85.7,45.4,95.8,0*d3
wrx,80.05,-0.002,-0.009,-0.004,0.002,0.13,y,0*b7
wrt,0.15,0.15,0.15,0.15*36
wrz,-0.002,-0.009,-0.004,y,0.13,0.002,3.253793238400249e-06;4.512681925916695e-07;-3.625520719197084e-07;4.512681925916695e-07;2.8151737296866486e-06;9.65701332233948e-08;-3.625520719197084e-07;9.65701332233948e-08;2.778524219593237e-07,1550139650096301,1550139650288541,80.05,0*90
wru,0,-0.006,0.15,-26,-91*58
wru,1,-0.002,0.15,-25,-98*98
wru,2,-0.002,0.15,-25,-93*e2
wru,3,-0.007,0.15,-25,-86*50
wrx,77.62,0.002,-0.002,0.007,0.002,0.13,y,0*92
wrt,0.15,0.15,0.15,0.15*36
wrz,0.002,-0.002,0.007,y,0.13,0.002,3.1611348276783247e-06;1.4803555359321763e-07;-3.3394039178347157e-07;1.4803555359321763e-07;2.78940433418029e-06;1.0169841146989711e-07;-3.3394039178347157e-07;1.0169841146989711e-07;2.7912969358112605e-07,1550139650176383,1550139650289208,77.62,0*b7
wru,0,0.006,0.15,-26,-89*85
wru,1,0.006,0.15,-25,-96*37
wru,2,0.008,0.15,-25,-91*3b
wru,3,0.006,0.15,-25,-83*61
wrx,77.49,0.006,0.018,-0.005,0.002,0.13,y,0*71
wrt,0.15,0.15,0.15,0.15*36
wrz,0.006,0.018,-0.005,y,0.13,0.002,3.054935177715379e-06;-2.218950534427222e-08;-3.0605346523771004e-07;-2.218950534427222e-08;2.752987711573951e-06;5.878959896676861e-08;-3.0605346523771004e-07;5.878959896676861e-08;2.656933020261931e-07,1550139650254013,1550139650408626,77.49,0*d6
wru,0,0.000,0.15,-26,-90*ff
wru,1,-0.012,0.15,-25,-98*2d
wru,2,-0.007,0.15,-26,-92*3b
wru,3,0.002,0.15,-25,-84*e9
wrp,1550139650.317,-3.81,0.65,7.47,2.7,85.3,45.1,95.7,0*da
wrx,80.39,0.011,0.006,-0.002,0.002,0.13,y,0*02
wrt,0.15,0.15,0.15,0.15*36
wrz,0.011,0.006,-0.002,y,0.13,0.002,2.211050514233648e-06;-4.7564972760483215e-07;-6.214054337760899e-08;-4.7564972760483215e-07;2.3624106688657776e-06;1.8427351733407704e-07;-6.214054337760899e-08;1.8427351733407704e-07;1.954184511987478e-07,1550139650331506,1550139650528529,80.39,0*3c
wru,0,-0.003,0.15,-26,-91*20
wru,1,-0.007,0.15,-26,-99*41
wru,2,-0.001,0.15,-25,-93*ca
wru,3,0.002,0.15,-26,-86*41
wrx,78.48,-0.003,-0.015,-0.007,0.002,0.13,y,0*e0
wrt,0.15,0.15,0.15,0.15*36
wrz,-0.003,-0.015,-0.007,y,0.13,0.002,2.373032430114108e-06;-3.815776210558397e-07;-1.1679146183496414e-07;-3.815776210558397e-07;2.466849537086091e-06;1.8206253571406705e-07;-1.1679146183496414e-07;1.8206253571406705e-07;2.1528590821162652e-07,1550139650411890,1550139650529375,78.48,0*5a
wru,0,-0.010,0.15,-26,-92*b4
wru,1,-0.001,0.15,-25,-99*b7
wru,2,-0.004,0.15,-26,-93*14
wru,3,-0.011,0.15,-25,-86*b5
wrp,1550139650.544,-3.81,0.66,7.47,2.7,85.5,45.0,96.1,0*c3
wrx,82.45,-0.002,-0.001,-0.015,0.002,0.13,y,0*6e
wrt,0.15,0.15,0.15,0.15*36
wrz,-0.002,-0.001,-0.015,y,0.13,0.002,2.4025191578402882e-06;9.25966645581866e-08;-2.537233285693219e-07;9.25966645581866e-08;2.234248086097068e-06;1.730125802623661e-07;-2.537233285693219e-07;1.730125802623661e-07;2.423136891138711e-07,1550139650490373,1550139650648827,82.45,0*9d
wru,0,-0.014,0.15,-25,-89*ab
wru,1,-0.013,0.15,-25,-97*e5
wru,2,-0.015,0.15,-25,-90*eb
wru,3,-0.015,0.15,-25,-82*34
wrx,82.18,0.001,-0.002,0.003,0.002,0.13,y,0*a1
wrt,0.15,0.15,0.15,0.15*36
wrz,0.001,-0.002,0.003,y,0.13,0.002,2.4992712042148924e-06;1.0244792747471365e-07;-2.851061253750231e-07;1.0244792747471365e-07;2.280634134876891e-06;1.7695498399916687e-07;-2.851061253750231e-07;1.7695498399916687e-07;2.2904190188910434e-07,1550139650572813,1550139650768660,82.18,0*3b
wru,0,0.003,0.15,-25,-89*5b
wru,1,0.003,0.15,-25,-95*46
wru,2,0.004,0.15,-25,-90*9c
wru,3,0.003,0.15,-25,-82*1e
wrx,75.97,-0.004,-0.002,0.012,0.002,0.13,y,0*f4
wrt,0.15,0.15,0.15,0.15*36
wrz,-0.004,-0.002,0.012,y,0.13,0.002,2.3304694423131878e-06;1.7967589371892245e-07;-2.4721632030377805e-07;1.7967589371892245e-07;2.2776332571083913e-06;2.15581181350899e-07;-2.4721632030377805e-07;2.15581181350899e-07;2.328379054006291e-07,1550139650654995,1550139650769552,75.97,0*75
wru,0,0.012,0.15,-25,-91*26
wru,1,0.012,0.15,-24,-98*57
wru,2,0.010,0.15,-25,-94*a8
wru,3,0.009,0.15,-25,-86*f2
wrp,1550139650.767,-3.81,0.66,7.47,2.7,84.9,44.8,95.5,0*f0
wrx,77.40,0.002,0.018,0.006,0.002,0.13,y,0*38
wrt,0.15,0.15,0.15,0.15*36
wrz,0.002,0.018,0.006,y,0.13,0.002,2.433980625937693e-06;-4.1687493990139046e-07;-8.699191056393829e-08;-4.1687493990139046e-07;2.6276679818693083e-06;2.1837327324192302e-07;-8.699191056393829e-08;2.1837327324192302e-07;2.2297564328255248e-07,1550139650730969,1550139650888949,77.40,0*fe
wru,0,0.011,0.15,-26,-91*a8
wru,1,-0.000,0.15,-25,-98*55
wru,2,0.002,0.15,-26,-92*64
wru,3,0.011,0.15,-25,-85*73
wrx,76.50,-0.001,0.004,0.004,0.002,0.13,y,0*fd
wrt,0.15,0.15,0.15,0.15*36
wrz,-0.001,0.004,0.004,y,0.13,0.002,2.628622041811468e-06;-9.143316219706321e-07;-2.9913447718854513e-08;-9.143316219706321e-07;2.6958327907777857e-06;1.2089914491753007e-07;-2.9913447718854513e-08;1.2089914491753007e-07;2.0560298708005575e-07,1550139650808358,1550139651008328,76.50,0*26
wru,0,0.005,0.15,-26,-87*87
wru,1,0.003,0.15,-28,-97*bc
