wru,0,-0.009,0.06,-32,-82*89
wru,1,0.003,0.55,-59,-95*a8
wru,2,0.000,0.53,-59,-89*d4
wru,3,-0.009,0.07,-32,-79*49
wrp,1550139832.517,-3.69,0.44,7.49,2.9,87.5,46.8,101.9,0*d5
wrx,108.72,0.006,-0.022,0.000,0.001,-1.00,n,0*49
wrt,1.12,0.55,1.14,0.54*9e
wrz,0.006,-0.022,0.000,n,-1.00,0.001,2.2816293210325966e-07;-7.620139541586468e-08;1.0062357169715597e-08;-7.620139541586468e-08;3.339324052831216e-07;-3.9603218482398006e-08;1.0062357169715597e-08;-3.9603218482398006e-08;2.3480817290533196e-08,1550139832444709,1550139832668634,108.72,0*20
wru,0,-0.008,1.12,-50,-87*93
wru,1,0.005,0.55,-57,-93*b8
wru,2,0.006,1.14,-55,-90*aa
wru,3,-0.004,0.54,-60,-86*ef
wrx,112.19,0.019,-0.024,0.000,0.001,0.85,y,0*1b
wrt,1.11,0.55,1.14,1.12*c8
wrz,0.019,-0.024,0.000,y,0.85,0.001,5.694808464795642e-07;-2.1047527809514577e-07;7.736691998161405e-08;-2.1047527809514577e-07;4.5808329218743893e-07;-2.345370475609343e-08;7.736691998161405e-08;-2.345370475609343e-08;4.1233384706629295e-08,1550139832555265,1550139832788519,112.19,0*50
wru,0,-0.011,1.11,-50,-86*72
wru,1,0.001,0.55,-51,-96*75
wru,2,0.015,1.14,-55,-93*3e
wru,3,-0.002,1.12,-67,-84*73
wrp,1550139832.744,-3.75,0.48,7.40,2.9,87.7,46.2,100.8,0*84
wrx,188.13,0.030,-0.012,-0.019,0.046,-1.00,n,0*db
wrt,2.17,1.56,1.64,3.56*0a
wrz,0.030,-0.012,-0.019,n,-1.00,0.046,0.0019451089901849627;-2.859670166799333e-05;-0.000561353110242635;-2.859670166799333e-05;8.206248458009213e-05;-1.5609568436047994e-05;-0.000561353110242635;-1.5609568436047994e-05;0.00016901914204936475,1550139832676688,1550139832908568,188.13,0*fd
wru,0,-0.033,2.17,-71,-84*1a
wru,1,-0.015,1.56,-80,-98*19
wru,2,-0.007,1.64,-79,-92*bd
wru,3,-0.013,3.56,-62,-82*22
wrp,1550139832.945,-3.75,0.48,7.39,2.9,87.4,46.0,100.4,0*00
wrx,201.67,0.117,0.047,-0.029,0.053,-1.00,n,0*92
wrt,1.75,1.58,1.69,3.53*34
wrz,0.117,0.047,-0.029,n,-1.00,0.053,0.002548518590629101;-0.00038422257057391107;-0.0006335980142466724;-0.00038422257057391107;0.0007798316073603928;-0.00011564534361241385;-0.0006335980142466724;-0.00011564534361241385;0.0002194139815401286,1550139832864934,1550139833148412,201.67,0*95
wru,0,-0.076,1.75,-71,-85*dd
wru,1,-0.043,1.58,-78,-95*5c
wru,2,-0.013,1.69,-73,-90*1d
wru,3,0.018,3.53,-66,-82*ed
wrp,1550139833.168,-3.74,0.48,7.39,2.9,87.4,45.9,100.4,0*6b
wrx,257.04,-0.010,0.017,0.000,0.008,-1.00,n,0*5b
wrt,7.60,7.71,7.60,7.73*c2
wrz,-0.010,0.017,0.000,n,-1.00,0.008,4.645477747544646e-05;-1.2158688150520902e-05;-4.08770029025618e-06;-1.2158688150520902e-05;4.464437733986415e-05;-3.0892590530129382e-06;-4.08770029025618e-06;-3.0892590530129382e-06;3.914895387424622e-06,1550139833084595,1550139833388406,257.04,0*9f
wru,0,0.016,7.60,-89,-84*2f
wru,1,-0.010,7.71,-106,-98*08
wru,2,0.001,7.60,-93,-91*8d
wru,3,-0.000,7.73,-85,-81*1f
wrp,1550139833.392,-3.74,0.48,7.38,2.9,87.2,46.0,100.3,0*0a
wrp,1550139833.593,-3.73,0.48,7.38,2.9,87.1,45.4,100.0,0*38
wrx,262.28,-0.010,-0.017,-0.001,0.006,-1.00,n,0*1b
wrt,7.59,7.74,7.59,7.73*a1
wrz,-0.010,-0.017,-0.001,n,-1.00,0.006,3.132485653623007e-05;-3.5335194752406096e-06;1.1543302207428496e-06;-3.5335194752406096e-06;3.937663495889865e-05;5.342140411812579e-06;1.1543302207428496e-06;5.342140411812579e-06;3.3837366117950296e-06,1550139833341633,1550139833629032,262.28,0*6d
wru,0,0.004,7.59,-92,-85*c6
wru,1,0.004,7.74,-107,-97*18
wru,2,0.004,7.59,-98,-92*43
wru,3,-0.015,7.73,-86,-82*7d
wrp,1550139833.817,-3.73,0.48,7.38,2.9,86.9,44.9,99.8,0*03
wrp,1550139834.017,-3.72,0.48,7.38,2.9,86.9,45.7,99.0,0*de
wrx,391.60,0.000,0.000,0.000,2.662,-1.00,n,0*cd
wrt,-1.00,-1.00,-1.00,-1.00*fc
wrz,0.000,0.000,0.000,n,-1.00,2.662,7.084647178649902;0;0;0;7.084647178649902;0;0;0;0.6077666878700256,1550139833631801,1550139834118907,391.60,0*1d
wru,0,0.000,-1.00,-108,-83*ac
wru,1,0.000,-1.00,-120,-98*91
wru,2,0.000,-1.00,-114,-91*ac
wru,3,0.000,-1.00,-107,-81*64
wrp,1550139834.267,-3.72,0.49,7.39,2.9,87.2,45.6,99.8,0*96
wrx,391.52,0.025,-0.016,-0.005,1.961,-1.00,n,0*18
wrt,24.97,-1.00,-1.00,37.91*7c
wrz,0.025,-0.016,-0.005,n,-1.00,1.961,6.36132899671793e-05;7.81357812229544e-06;2.2885899397806497e-06;7.81357812229544e-06;3.5424840450286865;-1.037560224533081;2.2885899397806497e-06;-1.037560224533081;0.30389711260795593,1550139834023235,1550139834478365,391.52,0*4b
wru,0,-0.016,24.97,-106,-89*1e
wru,1,0.000,-1.00,-121,-99*f4
wru,2,0.000,-1.00,-116,-95*74
wru,3,-0.002,37.91,-107,-90*b5
wrx,122.03,0.003,0.003,0.009,0.819,-1.00,n,0*83
wrt,-1.00,0.54,-1.00,0.54*b1
wrz,0.003,0.003,0.009,n,-1.00,0.819,0.335369735956192;-0.3353656232357025;1.0215593420070945e-06;-0.3353656232357025;0.335369735956192;1.0216144801233895e-06;1.0215593420070945e-06;1.0216144801233895e-06;7.118472353795369e-07,1550139834359397,1550139834598573,122.03,0*52
wru,0,0.000,0.53,-63,-85*0e
wru,1,0.006,0.54,-53,-97*7a
wru,2,0.000,0.55,-68,-92*f8
wru,3,0.010,0.54,-67,-84*2f
wrp,1550139834.492,-3.71,0.49,7.39,2.9,87.1,45.9,100.0,0*bd
wrx,82.26,0.052,-0.041,0.001,0.004,-1.00,n,0*41
wrt,0.55,0.05,-1.00,0.53*f4
wrz,0.052,-0.041,0.001,n,-1.00,0.004,6.625403784710215e-06;-3.3688099847495323e-06;9.40618349432043e-07;-3.3688099847495323e-06;1.1523209650476929e-05;-2.4049902549450053e-06;9.40618349432043e-07;-2.4049902549450053e-06;9.778708545127301e-07,1550139834481442,1550139834599764,82.26,0*f4
wru,0,-0.025,0.55,-66,-85*17
wru,1,-0.002,0.05,-29,-97*4b
wru,2,0.000,0.55,-64,-94*7c
wru,3,0.004,0.53,-64,-86*c7
wrx,107.68,-0.004,0.035,0.011,0.001,0.85,n,0*23
wrt,1.12,0.55,1.14,0.54*9e
wrz,-0.004,0.035,0.011,n,0.85,0.001,1.8654955624697322e-07;-8.038222887307711e-08;1.3638004503491175e-08;-8.038222887307711e-08;3.3239626873182715e-07;6.524734175172853e-08;1.3638004503491175e-08;6.524734175172853e-08;2.9277455126930363e-08,1550139834564002,1550139834718612,107.68,0*d9
wru,0,0.030,1.12,-52,-81*50
wru,1,0.000,0.55,-49,-95*a9
wru,2,0.006,1.14,-52,-91*84
wru,3,0.010,0.54,-67,-81*34
wrp,1550139834.717,-3.70,0.50,7.40,2.9,87.2,45.9,99.8,0*d1
wrx,112.55,-0.026,0.038,0.004,0.001,0.85,n,0*64
wrt,1.11,0.55,1.13,0.55*40
wrz,-0.026,0.038,0.004,n,0.85,0.001,1.6363154031751037e-07;-1.491859791258321e-07;-1.2491828904614977e-08;-1.491859791258321e-07;2.7793689127975085e-07;3.3645878971810816e-08;-1.2491828904614977e-08;3.3645878971810816e-08;1.0815615070214335e-08,1550139834671643,1550139834838789,112.55,0*7f
wru,0,0.031,1.11,-50,-86*ef
wru,1,-0.000,0.55,-48,-97*dd
wru,2,-0.011,1.13,-55,-95*fe
wru,3,0.005,0.55,-68,-86*a5
wrp,1550139834.917,-3.70,0.51,7.41,2.9,87.3,45.7,99.8,0*1a
wrx,201.47,0.017,0.042,-0.017,0.038,-1.00,n,0*0b
wrt,1.60,1.65,1.68,3.53*65
wrz,0.017,0.042,-0.017,n,-1.00,0.038,0.0013100121868774295;-0.0002595595142338425;-0.0003074972191825509;-0.0002595595142338425;0.0009567044908180833;-0.00020399907953105867;-0.0003074972191825509;-0.00020399907953105867;0.00014983968867454678,1550139834793571,1550139835078651,201.47,0*3f
wru,0,-0.022,1.60,-76,-88*d7
wru,1,0.003,1.65,-84,-99*5f
wru,2,-0.032,1.68,-76,-95*1a
wru,3,-0.000,3.53,-64,-89*5f
wrp,1550139835.145,-3.68,0.52,7.42,2.9,87.7,45.8,100.1,0*d4
wrx,197.99,0.099,-0.039,-0.013,0.053,-1.00,n,0*3b
wrt,1.76,1.60,1.90,3.55*a0
wrz,0.099,-0.039,-0.013,n,-1.00,0.053,0.0025565687101334333;-0.00035481216036714613;-0.0006448188214562833;-0.00035481216036714613;0.0011944769648835063;-0.0002459319366607815;-0.0006448188214562833;-0.0002459319366607815;0.00026089095626957715,1550139834995047,1550139835318555,197.99,0*42
wru,0,-0.067,1.76,-76,-90*21
wru,1,0.014,1.60,-82,-96*a3
wru,2,0.018,1.90,-76,-95*37
wru,3,0.004,3.55,-61,-90*db
wrp,1550139835.345,-3.67,0.53,7.43,2.9,87.6,45.9,100.2,0*83
wrx,252.16,-0.001,-0.014,0.003,0.008,-1.00,n,0*15
wrt,7.58,7.71,7.58,7.58*f2
wrz,-0.001,-0.014,0.003,n,-1.00,0.008,4.9440110160503536e-05;4.037538474221947e-06;4.119418917980511e-06;4.037538474221947e-06;5.667139703291468e-05;-7.372957497864263e-06;4.119418917980511e-06;-7.372957497864263e-06;5.176089416636387e-06,1550139835211022,1550139835558604,252.16,0*b7
wru,0,-0.002,7.58,-86,-83*ab
wru,1,0.011,7.71,-105,-100*d7
wru,2,0.001,7.58,-86,-94*2b
wru,3,0.002,7.58,-88,-84*68
wrp,1550139835.567,-3.66,0.55,7.44,2.9,87.3,45.9,99.7,0*fc
wrx,264.28,-0.005,0.003,-0.001,0.005,-1.00,n,0*29
wrt,7.59,7.75,7.60,7.56*8f
wrz,-0.005,0.003,-0.001,n,-1.00,0.005,1.8294984329259023e-05;2.833110102073988e-06;-3.3673666166578187e-06;2.833110102073988e-06;1.5252476259774994e-05;-2.36548976317863e-06;-3.3673666166578187e-06;-2.36548976317863e-06;1.890888825073489e-06,1550139835463178,1550139835798307,264.28,0*d9
wru,0,0.004,7.59,-83,-85*8d
wru,1,-0.019,7.75,-104,-98*6d
wru,2,-0.001,7.60,-96,-92*4e
wru,3,-0.003,7.56,-89,-85*f7
wrp,1550139835.793,-3.65,0.57,7.45,2.9,87.0,46.0,99.6,0*d6
wrp,1550139836.017,-3.63,0.59,7.46,3.0,87.1,45.9,99.7,0*e4
wrx,390.39,0.000,0.000,0.000,2.662,-1.00,n,0*be
wrt,-1.00,-1.00,-1.00,-1.00*fc
wrz,0.000,0.000,0.000,n,-1.00,2.662,7.084647178649902;0;0;0;7.084647178649902;0;0;0;0.6077666878700256,1550139835755370,1550139836178406,390.39,0*b3
wru,0,0.000,-1.00,-108,-83*ac
wru,1,0.000,-1.00,-121,-97*de
wru,2,0.000,-1.00,-116,-90*6f
wru,3,0.000,-1.00,-106,-83*08
wrp,1550139836.242,-3.62,0.61,7.48,3.0,87.2,45.9,99.8,0*53
wrp,1550139836.442,-3.61,0.64,7.49,3.0,87.2,45.9,99.8,0*64
wrx,390.20,0.000,0.000,0.000,2.662,-1.00,n,0*0e
wrt,-1.00,-1.00,-1.00,-1.00*fc
wrz,0.000,0.000,0.000,n,-1.00,2.662,7.084647178649902;0;0;0;7.084647178649902;0;0;0;0.6077666878700256,1550139836145762,1550139836678533,390.20,0*05
wru,0,0.000,-1.00,-106,-85*ec
wru,1,0.000,-1.00,-120,-98*91
wru,2,0.000,-1.00,-116,-94*73
wru,3,0.000,-1.00,-105,-85*bc
wrx,100.69,0.000,0.000,-0.000,0.819,-1.00,n,0*c8
wrt,-1.00,0.55,-1.00,-1.00*73
wrz,0.000,0.000,-0.000,n,-1.00,0.819,0.44716131687164307;-0.22357405722141266;0.06548615545034409;-0.22357405722141266;0.44716131687164307;0.06548615545034409;0.06548615545034409;0.06548615545034409;0.038361210376024246,1550139836480383,1550139836679373,100.69,0*fd
wru,0,0.000,0.53,-72,-85*45
wru,1,-0.000,0.55,-63,-99*1a
wru,2,0.000,0.55,-71,-94*b8
wru,3,0.000,-1.00,-77,-84*94
wrx,81.95,0.016,0.022,0.002,0.002,-1.00,n,0*cd
wrt,0.53,0.54,0.08,0.08*45
wrz,0.016,0.022,0.002,n,-1.00,0.002,3.351033683429705e-06;-1.3209937321789766e-07;4.6949526222306304e-07;-1.3209937321789766e-07;4.240964244672796e-06;7.689010317335487e-07;4.6949526222306304e-07;7.689010317335487e-07;4.2454169602024194e-07,1550139836581120,1550139836798577,81.95,0*07
wru,0,0.006,0.53,-63,-85*5e
wru,1,-0.009,0.54,-52,-98*a5
wru,2,0.002,0.08,-48,-93*f4
wru,3,0.007,0.08,-54,-83*0a
wrp,1550139836.667,-3.60,0.67,7.51,3.0,87.3,45.9,99.9,0*b2
wrx,108.46,-0.003,-0.035,-0.021,0.001,0.85,n,0*55
wrt,1.12,0.55,1.13,0.53*54
wrz,-0.003,-0.035,-0.021,n,0.85,0.001,1.386547836546015e-07;2.718673464130461e-08;3.004383586358017e-08;2.718673464130461e-08;3.7024713606115256e-07;1.3321884750894242e-07;3.004383586358017e-08;1.3321884750894242e-07;7.150556768920069e-08,1550139836663364,1550139836799845,108.46,0*b0
wru,0,-0.032,1.12,-50,-83*a7
wru,1,-0.009,0.55,-50,-97*35
wru,2,-0.013,1.13,-52,-93*08
wru,3,-0.008,0.53,-70,-83*15
wrp,1550139836.867,-3.58,0.70,7.53,3.0,87.3,45.9,99.9,0*d3
wrx,112.25,-0.016,0.011,0.002,0.001,0.85,y,0*9b
wrt,1.12,0.55,1.13,0.54*41
wrz,-0.016,0.011,0.002,y,0.85,0.001,2.3092255219125946e-07;-1.744784299262392e-07;-5.902822675096786e-09;-1.744784299262392e-07;2.239992653585432e-07;1.0956410889662038e-08;-5.902822675096786e-09;1.0956410889662038e-08;8.46061976034207e-09,1550139836771744,1550139836919120,112.25,0*f8
wru,0,0.014,1.12,-54,-84*f0
wru,1,0.003,0.55,-51,-97*bf
wru,2,-0.003,1.13,-51,-92*1c
wru,3,0.000,0.54,-66,-84*f8
wrp,1550139837.092,-3.71,0.38,7.38,2.9,87.6,45.9,99.9,0*ac
wrx,194.12,0.031,-0.020,-0.006,0.032,-1.00,n,0*46
wrt,1.75,-1.00,1.69,3.53*d4
wrz,0.031,-0.020,-0.006,n,-1.00,0.032,0.000710944295860827;-1.281836148336879e-07;-0.00020819819474127144;-1.2818360062283318e-07;0.0009475062252022326;-0.00027747295098379254;-0.00020819819474127144;-0.00027747295098379254;0.00014225119957700372,1550139836893414,1550139837158885,194.12,0*8a
wru,0,-0.019,1.75,-75,-87*63
wru,1,0.000,1.62,-84,-99*1f
wru,2,0.009,1.69,-72,-94*01
wru,3,-0.002,3.53,-63,-86*96
wrx,193.16,-0.001,-0.036,0.011,0.052,-1.00,n,0*d8
wrt,1.66,-1.00,1.70,3.55*47
wrz,-0.001,-0.036,0.011,n,-1.00,0.052,0.0009916843846440315;-3.009345448390377e-07;-0.00029035648913122714;-3.009345448390377e-07;0.0024822300765663385;-0.0007269274210557342;-0.00029035648913122714;-0.0007269274210557342;0.0002979555865749717,1550139837087537,1550139837398533,193.16,0*0b
wru,0,0.001,1.66,-74,-84*93
wru,1,0.000,1.62,-83,-97*1c
wru,2,0.020,1.70,-76,-92*f9
wru,3,0.000,3.55,-64,-84*a2
wrp,1550139837.292,-3.71,0.38,7.39,2.9,87.6,45.9,99.8,0*0d
wrp,1550139837.517,-3.71,0.39,7.39,2.9,87.7,45.8,100.0,0*f6
wrx,255.51,0.021,-0.002,0.002,0.004,-1.00,n,0*62
wrt,7.58,7.68,7.59,7.56*4b
wrz,0.021,-0.002,0.002,n,-1.00,0.004,1.8843818907043897e-05;-5.129789428792719e-07;-1.7874908735393547e-06;-5.129789428792719e-07;1.7056643628166057e-05;6.062911097615142e-07;-1.7874908735393547e-06;6.062911097615142e-07;1.6333556231984403e-06,1550139837298682,1550139837638710,255.51,0*bd
wru,0,-0.007,7.58,-86,-85*c1
wru,1,-0.002,7.68,-103,-99*b3
wru,2,0.007,7.59,-95,-91*96
wru,3,0.008,7.56,-88,-85*4f
wrp,1550139837.718,-3.70,0.39,7.40,2.9,87.8,45.8,100.0,0*d6
wrx,263.65,-0.001,-0.003,0.002,0.005,-1.00,n,0*0d
wrt,7.58,7.74,7.76,7.56*bb
wrz,-0.001,-0.003,0.002,n,-1.00,0.005,2.843611582648009e-05;9.79738842943334e-07;-4.609491043083835e-06;9.79738842943334e-07;2.3173055524239317e-05;-2.6207389964838512e-06;-4.609491043083835e-06;-2.6207389964838512e-06;2.732710299824248e-06,1550139837554185,1550139837878564,263.65,0*5b
wru,0,0.004,7.58,-82,-83*84
wru,1,-0.003,7.74,-108,-97*62
wru,2,0.004,7.76,-99,-91*51
wru,3,0.001,7.56,-83,-83*3a
wrp,1550139837.967,-3.70,0.40,7.41,2.9,88.1,45.5,100.1,0*62
wrp,1550139838.168,-3.70,0.41,7.42,2.9,88.2,45.6,100.4,0*0d
wrx,393.64,0.000,0.000,0.000,2.662,-1.00,n,0*20
wrt,-1.00,-1.00,-1.00,-1.00*fc
wrz,0.000,0.000,0.000,n,-1.00,2.662,7.084647178649902;0;0;0;7.084647178649902;0;0;0;0.6077666878700256,1550139837845744,1550139838359204,393.64,0*c2
wru,0,0.000,-1.00,-106,-85*ec
wru,1,0.000,-1.00,-121,-98*f3
wru,2,0.000,-1.00,-113,-92*8c
wru,3,0.000,-1.00,-107,-85*78
wrp,1550139838.392,-3.69,0.43,7.43,2.9,88.2,45.7,100.2,0*6c
wrx,387.76,0.000,0.000,0.000,2.662,-1.00,n,0*c2
wrt,-1.00,-1.00,-1.00,-1.00*fc
wrz,0.000,0.000,0.000,n,-1.00,2.662,7.084647178649902;0;0;0;7.084647178649902;0;0;0;0.6077666878700256,1550139838239374,1550139838718483,387.76,0*2e
wru,0,0.000,-1.00,-107,-83*9c
wru,1,0.000,-1.00,-121,-98*f3
wru,2,0.000,-1.00,-115,-90*c9
wru,3,0.000,-1.00,-108,-85*48
wrp,1550139838.617,-3.69,0.44,7.45,2.9,88.2,45.7,100.2,0*72
wrx,91.83,0.006,-0.001,0.002,0.004,-1.00,n,0*b9
wrt,0.09,0.19,-1.00,0.09*48
wrz,0.006,-0.001,0.002,n,-1.00,0.004,1.0162631042476278e-05;-7.833165909687523e-06;6.826026606177038e-07;-7.833165909687523e-06;8.990273272502236e-06;-3.39315135988727e-07;6.826026606177038e-07;-3.39315135988727e-07;2.9928176559224084e-07,1550139838571605,1550139838719483,91.83,0*d0
wru,0,-0.000,0.09,-58,-84*c1
wru,1,0.000,0.19,-72,-96*e1
wru,2,0.000,0.13,-66,-92*1c
wru,3,0.003,0.09,-61,-84*6d
wrx,90.35,-0.000,-0.000,-0.005,0.819,-1.00,n,0*ed
wrt,-1.00,0.55,-1.00,0.09*8e
wrz,-0.000,-0.000,-0.005,n,-1.00,0.819,0.3353685438632965;-0.3353668451309204;2.8790637429665367e-07;-0.3353668451309204;0.3353685438632965;2.878761904412386e-07;2.8790637429665367e-07;2.878761904412386e-07;2.94104239628723e-07,1550139838663439,1550139838838617,90.35,0*e3
wru,0,0.000,0.53,-70,-83*93
wru,1,-0.004,0.55,-48,-97*40
wru,2,0.000,0.55,-63,-91*4e
wru,3,-0.004,0.09,-62,-83*a4
wrp,1550139838.818,-3.69,0.46,7.46,2.9,88.3,45.7,100.4,0*f1
wrx,112.83,0.029,-0.016,0.002,0.000,0.85,n,0*7f
wrt,1.12,0.55,1.14,0.54*9e
wrz,0.029,-0.016,0.002,n,0.85,0.000,1.717293685032928e-07;-6.324890478026646e-08;1.8795439871155395e-08;-6.324890478026646e-08;9.193914962679628e-08;1.0025062030516452e-10;1.8795439871155395e-08;1.0025062030516452e-10;7.796817413918689e-09,1550139838754088,1550139838959076,112.83,0*42
wru,0,-0.006,1.12,-52,-86*3d
wru,1,-0.003,0.55,-55,-97*28
wru,2,0.024,1.14,-47,-92*e9
wru,3,-0.003,0.54,-68,-85*4a
wrx,117.11,0.016,-0.015,-0.001,0.001,0.85,y,0*3b
wrt,1.11,0.55,1.13,0.54*47
wrz,0.016,-0.015,-0.001,y,0.85,0.001,2.446904261432792e-07;-1.4309749474250566e-07;2.4261741060627173e-08;-1.4309749474250566e-07;1.7887408887418133e-07;2.0655408494718586e-09;2.4261741060627173e-08;2.0655408494718586e-09;1.1155713686150648e-08,1550139838866917,1550139839078602,117.11,0*96
wru,0,-0.008,1.11,-53,-84*b7
wru,1,-0.002,0.55,-49,-96*75
wru,2,0.013,1.13,-53,-91*43
wru,3,-0.002,0.54,-71,-83*ef
wrp,1550139839.042,-3.69,0.38,7.38,2.9,88.3,45.7,100.3,0*8b
wrx,190.11,0.009,0.029,-0.013,0.039,-1.00,n,0*fb
wrt,2.16,1.58,1.91,3.55*cf
wrz,0.009,0.029,-0.013,n,-1.00,0.039,0.0013936335453763604;-0.00020895380293950438;-0.00034696311922743917;-0.00020895380293950438;0.0006544366478919983;-0.00013045471860095859;-0.00034696311922743917;-0.00013045471860095859;0.00013983809913042933,1550139838993378,1550139839318396,190.11,0*3e
wru,0,0.028,2.16,-79,-88*0e
wru,1,-0.096,1.58,-83,-99*f3
wru,2,-0.004,1.91,-80,-95*a7
wru,3,-0.001,3.55,-63,-88*85
wrp,1550139839.242,-3.69,0.39,7.37,2.9,88.3,45.7,100.5,0*78
wrx,197.56,-0.004,-0.027,0.007,0.045,-1.00,n,0*10
wrt,1.72,1.57,1.94,3.53*a4
wrz,-0.004,-0.027,0.007,n,-1.00,0.045,0.0018523329636082053;-0.00017409853171557188;-0.0004914985038340092;-0.00017409853171557188;0.0006145666120573878;-0.00012894897372461855;-0.0004914985038340092;-0.00012894897372461855;0.00018172935233451426,1550139839183464,1550139839438595,197.56,0*23
wru,0,0.001,1.72,-76,-86*d2
wru,1,0.014,1.57,-78,-97*39
wru,2,0.013,1.94,-75,-94*60
wru,3,-0.002,3.53,-67,-82*05
wrp,1550139839.442,-3.69,0.39,7.37,2.9,88.4,45.6,100.4,0*9b
wrx,257.98,0.016,-0.020,-0.008,0.008,-1.00,n,0*cb
wrt,7.59,7.68,7.59,7.58*63
wrz,0.016,-0.020,-0.008,n,-1.00,0.008,4.047999027534388e-05;2.0519712052191608e-05;-2.3274847649190633e-07;2.0519712052191608e-05;4.8227037041215226e-05;-4.995135441276943e-06;-2.3274847649190633e-07;-4.995135441276943e-06;3.245906100346474e-06,1550139839399033,1550139839688367,257.98,0*3b
wru,0,-0.017,7.59,-83,-85*e0
wru,1,-0.009,7.68,-107,-97*7d
wru,2,0.003,7.59,-98,-92*f6
wru,3,-0.009,7.58,-89,-84*d0
wrp,1550139839.667,-3.69,0.39,7.37,2.9,88.5,45.5,100.6,0*dc
wrp,1550139839.868,-3.69,0.40,7.37,2.9,88.6,45.5,100.7,0*87
wrx,260.76,0.003,0.035,-0.007,0.007,-1.00,n,0*05
wrt,7.58,7.72,7.58,7.58*d3
wrz,0.003,0.035,-0.007,n,-1.00,0.007,2.0334953660494648e-05;2.0599450181180146e-06;-1.9451988464425085e-06;2.0599450181180146e-06;4.566539064398967e-05;-1.0344098882342223e-05;-1.9451988464425085e-06;-1.0344098882342223e-05;4.0797431211103685e-06,1550139839656998,1550139840048526,260.76,0*ad
wru,0,0.001,7.58,-87,-84*04
wru,1,0.001,7.72,-105,-96*c3
wru,2,-0.021,7.58,-95,-91*f5
wru,3,0.005,7.58,-84,-82*59
wrp,1550139840.092,-3.68,0.41,7.37,2.9,88.6,45.4,100.6,0*33
wrp,1550139840.292,-3.68,0.42,7.37,2.9,88.6,45.4,100.5,0*86
wrx,383.82,0.000,0.000,0.000,2.662,-1.00,n,0*bf
wrt,-1.00,-1.00,-1.00,-1.00*fc
wrz,0.000,0.000,0.000,n,-1.00,2.662,7.084647178649902;0;0;0;7.084647178649902;0;0;0;0.6077666878700256,1550139839945676,1550139840408910,383.82,0*ff
wru,0,0.000,-1.00,-108,-83*ac
wru,1,0.000,-1.00,-119,-95*b2
wru,2,0.000,-1.00,-116,-90*6f
wru,3,0.000,-1.00,-106,-81*06
wrp,1550139840.517,-3.68,0.44,7.37,2.9,88.5,45.4,100.5,0*54
wrp,1550139840.717,-3.68,0.45,7.37,2.9,88.6,45.3,100.5,0*6f
wrx,388.69,0.000,0.000,0.000,2.662,-1.00,n,0*cf
wrt,-1.00,-1.00,-1.00,-1.00*fc
wrz,0.000,0.000,0.000,n,-1.00,2.662,7.084647178649902;0;0;0;7.084647178649902;0;0;0;0.6077666878700256,1550139840329466,1550139840768810,388.69,0*83
wru,0,0.000,-1.00,-108,-86*b7
wru,1,0.000,-1.00,-120,-98*91
wru,2,0.000,-1.00,-116,-93*66
wru,3,0.000,-1.00,-107,-84*7f
wrx,109.01,0.013,-0.016,0.004,0.003,-1.00,n,0*6b
wrt,0.53,0.55,0.55,0.09*35
wrz,0.013,-0.016,0.004,n,-1.00,0.003,7.29410430722055e-06;-2.769230604826589e-06;1.2524614021458547e-06;-2.769230604826589e-06;3.925863438780652e-06;-7.732626272627385e-08;1.2524614021458547e-06;-7.732626272627385e-08;4.606846459864755e-07,1550139840662653,1550139840888659,109.01,0*5f
wru,0,-0.004,0.53,-65,-89*0c
wru,1,0.004,0.55,-51,-100*9c
wru,2,0.020,0.55,-64,-97*18
wru,3,0.001,0.09,-61,-88*84
wrx,85.27,-0.002,-0.000,0.001,0.003,-1.00,n,0*6e
wrt,-1.00,0.55,0.53,0.05*ab
wrz,-0.002,-0.000,0.001,n,-1.00,0.003,3.4360878089501057e-06;-2.7975920602330007e-06;-1.8712506744122948e-07;-2.7975920602330007e-06;9.050794687937014e-06;1.8314588032808388e-06;-1.8712506744122948e-07;1.8314588032808388e-06;5.913592531214817e-07,1550139840771659,1550139840889570,85.27,0*37
wru,0,0.000,0.53,-69,-83*c1
wru,1,0.002,0.55,-49,-95*64
wru,2,0.001,0.53,-67,-91*35
wru,3,0.001,0.05,-34,-82*f0
wrp,1550139840.917,-3.68,0.47,7.37,2.9,88.6,45.2,100.4,0*47
wrx,109.05,0.004,0.025,0.002,0.000,0.84,n,0*25
wrt,1.09,0.55,1.14,0.53*93
wrz,0.004,0.025,0.002,n,0.84,0.000,1.0718506615603474e-07;3.469184761684119e-08;2.11837818397953e-08;3.469184761684119e-08;1.3806038623442873e-07;1.6010778480790577e-08;2.11837818397953e-08;1.6010778480790577e-08;1.0270725603334085e-08,1550139840857235,1550139841009097,109.05,0*df
wru,0,0.008,1.09,-57,-85*66
wru,1,-0.006,0.55,-55,-98*7d
wru,2,-0.003,1.14,-58,-94*1d
wru,3,0.007,0.53,-67,-85*40
wrx,110.00,-0.003,0.011,-0.001,0.000,0.85,y,0*f8
wrt,1.11,0.55,1.14,0.55*9f
wrz,-0.003,0.011,-0.001,y,0.85,0.000,1.324831515603364e-07;-4.230552264061771e-08;1.4547102189510497e-08;-4.230552264061771e-08;1.6926081514156976e-07;2.1866092936306813e-08;1.4547102189510497e-08;2.1866092936306813e-08;1.418785355866703e-08,1550139840966287,1550139841128379,110.00,0*b6
wru,0,0.002,1.11,-57,-86*36
wru,1,-0.003,0.55,-55,-98*05
wru,2,-0.006,1.14,-51,-93*0b
wru,3,0.001,0.55,-70,-85*01
wrp,1550139841.145,-3.67,0.40,7.37,2.9,88.5,45.0,100.1,0*26
wrx,81.55,0.003,-0.026,-0.001,0.006,-1.00,n,0*77
wrt,-1.00,0.55,0.55,0.53*0e
wrz,0.003,-0.026,-0.001,n,-1.00,0.006,1.5443058146047406e-05;-1.5109681953617837e-05;-9.998170469316392e-08;-1.5109681953617837e-05;1.8185779481427744e-05;8.851073971527512e-07;-9.998170469316392e-08;8.851073971527512e-07;2.8771117399628565e-07,1550139841075974,1550139841258864,81.55,0*7e
wru,0,0.000,0.54,-70,-87*e7
wru,1,0.005,0.55,-52,-97*49
wru,2,0.007,0.55,-61,-92*36
wru,3,-0.007,0.53,-72,-86*42
wrx,82.34,-0.015,-0.015,0.003,0.819,-1.00,n,0*f1
wrt,-1.00,0.54,-1.00,0.54*b1
wrz,-0.015,-0.015,0.003,n,-1.00,0.819,0.33537009358406067;-0.33536529541015625;6.070525273571548e-07;-0.33536529541015625;0.33537009358406067;6.07020979259687e-07;6.070525273571548e-07;6.07020979259687e-07;8.154291322171048e-07,1550139841157529,1550139841259497,82.34,0*81
wru,0,0.000,0.52,-69,-83*b8
wru,1,0.011,0.54,-61,-95*cb
wru,2,0.000,0.53,-65,-88*3e
wru,3,-0.005,0.54,-67,-81*36
wrp,1550139841.345,-3.67,0.40,7.37,2.9,88.5,45.0,100.3,0*31
wrx,106.54,0.014,-0.015,0.001,0.000,0.85,n,0*71
wrt,1.12,0.55,1.14,0.55*99
wrz,0.014,-0.015,0.001,n,0.85,0.000,1.1777360953146854e-07;-3.4922077674082175e-08;-4.732925606987237e-09;-3.4922077674082175e-08;1.3556346800669417e-07;1.2741299570961928e-08;-4.732925606987237e-09;1.2741299570961928e-08;9.980492876593416e-09,1550139841240148,1550139841379019,106.54,0*e3
wru,0,-0.005,1.12,-61,-83*d3
wru,1,0.000,0.55,-55,-96*1f
wru,2,0.009,1.14,-52,-90*0b
wru,3,-0.000,0.55,-70,-81*37
wrx,105.82,0.039,-0.007,-0.003,0.001,-1.00,n,0*fb
wrt,1.10,0.55,1.14,0.54*9a
wrz,0.039,-0.007,-0.003,n,-1.00,0.001,2.7832419391415897e-07;-8.050629674016818e-08;4.65137928173931e-09;-8.050629674016818e-08;1.082302318877737e-07;-4.735691394586183e-09;4.65137928173931e-09;-4.735691394586183e-09;1.011862149624676e-08,1550139841348118,1550139841498319,105.82,0*35
wru,0,-0.016,1.10,-53,-88*32
wru,1,-0.011,0.55,-56,-99*dc
wru,2,0.004,1.14,-54,-94*19
wru,3,0.006,0.54,-66,-86*a6
wrp,1550139841.547,-3.67,0.40,7.37,2.9,88.5,45.0,100.4,0*89
wrx,105.22,0.003,0.008,-0.004,0.000,0.85,n,0*98
wrt,1.12,0.57,1.12,0.53*43
wrz,0.003,0.008,-0.004,n,0.85,0.000,9.922386823291163e-08;4.556153143653319e-08;-2.201105964161343e-09;4.556153143653319e-08;1.0715994136489826e-07;-7.552286795942109e-09;-2.201105964161343e-09;-7.552286795942109e-09;8.42528624644956e-09,1550139841452518,1550139841618980,105.22,0*e4
wru,0,-0.002,1.12,-56,-84*21
wru,1,-0.008,0.57,-53,-97*84
wru,2,-0.004,1.12,-59,-92*c9
wru,3,-0.001,0.53,-69,-83*9f
wrx,107.04,-0.032,0.015,-0.001,0.001,0.84,y,0*00
wrt,1.11,0.55,1.12,0.53*7b
wrz,-0.032,0.015,-0.001,y,0.84,0.001,4.868228415944031e-07;-1.9784329197136685e-07;6.764406634829356e-08;-1.9784329197136685e-07;2.2447500214184402e-07;-1.972644714243188e-09;6.764406634829356e-08;-1.972644714243188e-09;2.3467908505381274e-08,1550139841557745,1550139841738320,107.04,0*4b
wru,0,0.013,1.11,-57,-85*6f
wru,1,0.004,0.55,-49,-97*3a
wru,2,-0.006,1.12,-61,-93*61
wru,3,-0.006,0.53,-68,-84*5d
wrx,110.76,-0.028,0.010,-0.001,0.001,0.84,y,0*ab
wrt,1.11,0.55,1.12,0.53*7b
wrz,-0.028,0.010,-0.001,y,0.84,0.001,2.7688403747561097e-07;-4.011375764889635e-08;2.2325853166194065e-08;-4.011375764889635e-08;2.0262469035969843e-07;-1.3861139791515598e-08;2.2325853166194065e-08;-1.3861139791515598e-08;1.8291368419909304e-08,1550139841664791,1550139841858499,110.76,0*53
wru,0,0.009,1.11,-57,-83*38
wru,1,0.004,0.55,-52,-95*a2
wru,2,-0.012,1.12,-57,-92*7e
wru,3,-0.006,0.53,-67,-83*78
wrp,1550139841.767,-3.67,0.39,7.38,2.9,88.5,44.9,100.4,0*3e
wrx,106.07,0.013,-0.012,-0.001,0.000,0.85,n,0*50
wrt,1.11,0.55,1.14,0.53*8d
wrz,0.013,-0.012,-0.001,n,0.85,0.000,1.0594520460927015e-07;-5.581599893389466e-08;5.4821494011036975e-09;-5.581599893389466e-08;1.029492153747924e-07;-4.291208721696194e-09;5.4821494011036975e-09;-4.291208721696194e-09;6.660127116475678e-09,1550139841775558,1550139841978624,106.07,0*d6
wru,0,-0.009,1.11,-57,-85*da
wru,1,-0.000,0.55,-51,-96*88
wru,2,-0.000,1.14,-50,-94*2c
wru,3,0.000,0.53,-68,-84*c2
wrp,1550139841.967,-3.67,0.39,7.39,2.9,88.5,44.8,100.4,0*b7
wrx,109.82,0.031,-0.017,-0.003,0.001,-1.00,n,0*31
wrt,1.12,0.57,1.14,0.55*a7
wrz,0.031,-0.017,-0.003,n,-1.00,0.001,4.659172816445789e-07;-2.8902420012855146e-08;6.750211412054341e-08;-2.8902420012855146e-08;2.3004203342225082e-07;1.8926797906715365e-08;6.750211412054341e-08;1.8926797906715365e-08;3.33350449466252e-08,1550139841882967,1550139842098671,109.82,0*19
wru,0,-0.015,1.12,-60,-87*18
wru,1,-0.007,0.57,-56,-98*cc
wru,2,0.012,1.14,-49,-95*26
wru,3,-0.003,0.55,-66,-87*6f
wrx,111.18,0.002,0.019,-0.006,0.001,0.85,n,0*55
wrt,1.11,0.57,1.14,0.54*a6
wrz,0.002,0.019,-0.006,n,0.85,0.001,3.4433398354849487e-07;1.6943079828024565e-08;6.9876456620932e-08;1.6943079828024565e-08;2.4724332092773693e-07;1.5730513780454203e-08;6.9876456620932e-08;1.5730513780454203e-08;3.604986531513532e-08,1550139841991447,1550139842218400,111.18,0*50
wru,0,-0.000,1.11,-54,-86*ad
wru,1,-0.011,0.57,-56,-94*0d
wru,2,-0.009,1.14,-53,-92*40
wru,3,-0.002,0.54,-71,-86*f4
wrp,1550139842.192,-3.67,0.39,7.39,2.9,88.4,44.9,100.4,0*89
wrx,107.12,-0.004,0.010,-0.002,0.001,0.85,y,0*dd
wrt,1.12,0.55,1.14,0.54*9e
wrz,-0.004,0.010,-0.002,y,0.85,0.001,1.6036763383908692e-07;-3.9869370027645346e-08;2.715572655631604e-08;-3.9869370027645346e-08;4.183485771136475e-07;9.926701238782698e-08;2.715572655631604e-08;9.926701238782698e-08;3.924817804090708e-08,1550139842102581,1550139842338570,107.12,0*ff
wru,0,0.002,1.12,-56,-83*c4
wru,1,-0.004,0.55,-51,-95*1c
wru,2,-0.006,1.14,-54,-92*e1
wru,3,-0.001,0.54,-68,-83*95
wrx,105.10,0.002,0.011,-0.004,0.000,0.85,n,0*42
wrt,1.11,0.57,1.14,0.54*a6
wrz,0.002,0.011,-0.004,n,0.85,0.000,7.534319479418627e-08;3.030744011311981e-08;-4.77535966325604e-09;3.030744011311981e-08;9.293391656228778e-08;-1.1623630946644425e-08;-4.77535966325604e-09;-1.1623630946644425e-08;7.9024609078715e-09,1550139842209746,1550139842339396,105.10,0*ee
wru,0,-0.003,1.11,-61,-84*1d
wru,1,0.001,0.57,-53,-97*44
wru,2,-0.009,1.14,-51,-93*83
wru,3,0.003,0.54,-65,-84*76
wrx,103.47,-0.009,-0.001,0.001,0.000,0.85,n,0*cd
wrt,1.11,0.55,1.16,0.53*df
wrz,-0.009,-0.001,0.001,n,0.85,0.000,9.499908770749244e-08;-3.184455010796228e-08;4.1028278552346364e-09;-3.184455010796228e-08;9.820813318128785e-08;1.0271819839147156e-08;4.1028278552346364e-09;1.0271819839147156e-08;7.895810227864786e-09,1550139842314850,1550139842458276,103.47,0*ad
wru,0,0.002,1.11,-54,-86*90
wru,1,0.004,0.55,-49,-98*17
wru,2,-0.002,1.16,-55,-94*fe
wru,3,-0.000,0.53,-69,-86*61
wrp,1550139842.417,-3.67,0.39,7.39,2.9,88.5,44.8,100.4,0*bb
wrx,105.74,0.007,-0.007,0.008,0.001,-1.00,n,0*3b
wrt,1.12,0.55,1.14,0.55*99
wrz,0.007,-0.007,0.008,n,-1.00,0.001,5.118888566357782e-07;8.376754578875989e-08;9.654724664187597e-08;8.376754578875989e-08;3.6172417594571016e-07;3.310312024495943e-08;9.654724664187597e-08;3.310312024495943e-08;5.1340098394803135e-08,1550139842419449,1550139842578532,105.74,0*bf
wru,0,0.005,1.12,-59,-83*41
wru,1,0.006,0.55,-62,-96*1d
wru,2,0.014,1.14,-52,-91*fc
wru,3,-0.005,0.55,-69,-82*14
wrx,106.06,0.012,-0.006,0.008,0.000,0.85,n,0*a0
wrt,1.11,0.55,1.14,0.54*98
wrz,0.012,-0.006,0.008,n,0.85,0.000,1.258675581539137e-07;2.219782757606481e-08;5.647022405241842e-09;2.219782757606481e-08;1.1439371405685961e-07;-4.417641807918926e-09;5.647022405241842e-09;-4.417641807918926e-09;1.5277525022838745e-08,1550139842524052,1550139842698335,106.06,0*87
wru,0,0.005,1.11,-57,-85*8a
wru,1,0.001,0.55,-48,-99*0a
wru,2,0.014,1.14,-52,-94*e7
wru,3,0.005,0.54,-69,-85*b7
wrp,1550139842.643,-3.67,0.40,7.39,2.9,88.5,44.8,100.3,0*78
wrx,106.87,0.009,0.014,0.001,0.001,-1.00,n,0*d3
wrt,1.11,1.10,1.14,0.53*78
wrz,0.009,0.014,0.001,n,-1.00,0.001,3.0598130251746625e-07;6.917083794633072e-08;2.200237680938244e-08;6.917083794633072e-08;3.008445332852716e-07;-6.041818600976967e-09;2.200237680938244e-08;-6.041818600976967e-09;2.4788493035998727e-08,1550139842631531,1550139842818353,106.87,0*e7
wru,0,0.002,1.11,-52,-85*d2
wru,1,-0.006,1.10,-65,-97*4b
wru,2,-0.000,1.14,-53,-93*9f
wru,3,0.006,0.53,-69,-84*f0
wrx,112.61,-0.011,0.024,-0.003,0.000,0.84,y,0*ad
wrt,1.11,0.55,1.12,0.53*7b
wrz,-0.011,0.024,-0.003,y,0.84,0.000,8.053867617263677e-08;-2.7323447948646162e-09;3.6413561055326227e-09;-2.7323447948646162e-09;1.3624952543977997e-07;-1.3843982904493402e-10;3.6413561055326227e-09;-1.3843982904493402e-10;6.651214246033987e-09,1550139842736969,1550139842938624,112.61,0*d5
wru,0,0.007,1.11,-56,-90*2b
wru,1,-0.006,0.55,-47,-98*90
wru,2,-0.012,1.12,-58,-96*52
wru,3,0.002,0.53,-69,-89*4e
wrp,1550139842.867,-3.68,0.40,7.40,2.9,88.5,44.8,100.3,0*56
wrx,80.96,0.002,-0.008,0.002,0.603,-1.00,n,0*4b
wrt,-1.00,0.55,0.55,-1.00*b8
wrz,0.002,-0.008,0.002,n,-1.00,0.603,3.0944393074605614e-05;-1.438140134268906e-05;4.212673502479447e-06;-1.438140134268906e-05;0.3353937566280365;0.0982300341129303;4.212673502479447e-06;0.0982300341129303;0.02877224050462246,1550139842849277,1550139843058543,80.96,0*65
wru,0,0.000,0.53,-72,-84*42
wru,1,0.004,0.55,-51,-96*0d
wru,2,0.005,0.55,-62,-91*54
wru,3,0.000,0.53,-69,-83*b5
wrx,83.04,0.007,-0.029,0.004,0.003,-1.00,n,0*df
wrt,0.54,0.55,0.55,0.52*4b
wrz,0.007,-0.029,0.004,n,-1.00,0.003,1.021005300572142e-05;-2.7426472115621436e-06;1.5239759250107454e-06;-2.7426472115621436e-06;7.529902177338954e-06;2.9986509275659046e-07;1.5239759250107454e-06;2.9986509275659046e-07;8.049016173572454e-07,1550139842930251,1550139843059422,83.04,0*85
wru,0,-0.006,0.54,-70,-83*5b
wru,1,0.010,0.55,-56,-97*0b
wru,2,0.013,0.55,-61,-91*17
wru,3,-0.002,0.52,-74,-83*13
wrp,1550139843.092,-3.68,0.40,7.41,2.9,88.6,44.8,100.4,0*8b
wrx,109.84,0.008,-0.002,0.002,0.000,-1.00,n,0*be
wrt,1.10,0.55,1.14,0.53*8f
wrz,0.008,-0.002,0.002,n,-1.00,0.000,1.0534986216725883e-07;3.3396673870811355e-08;2.0200852102192357e-09;3.3396673870811355e-08;1.0719534770942118e-07;7.2882087032155596e-09;2.0200852102192357e-09;7.2882087032155596e-09;8.5010487538284e-09,1550139843015017,1550139843178938,109.84,0*a5
wru,0,0.002,1.10,-63,-83*a0
wru,1,-0.002,0.55,-54,-96*a8
wru,2,0.006,1.14,-51,-91*22
wru,3,-0.002,0.53,-68,-83*d5
wrx,111.19,0.001,0.018,0.005,0.000,-1.00,n,0*94
wrt,1.11,0.57,1.14,0.55*a1
wrz,0.001,0.018,0.005,n,-1.00,0.000,1.311779840307281e-07;4.734877379064528e-08;-1.8048787353563966e-08;4.734877379064528e-08;1.2872568788679928e-07;1.1491720464107402e-08;-1.8048787353563966e-08;1.1491720464107402e-08;1.1696156931861879e-08,1550139843124857,1550139843298534,111.19,0*bf
wru,0,0.013,1.11,-54,-85*c9
wru,1,-0.010,0.57,-59,-97*d1
wru,2,0.001,1.14,-52,-93*3f
wru,3,0.006,0.55,-68,-84*83
wrp,1550139843.293,-3.68,0.40,7.41,2.9,88.6,44.7,100.4,0*96
wrx,191.02,0.002,-0.031,0.005,0.029,-1.00,n,0*b8
wrt,7.58,1.57,1.69,3.55*7f
wrz,0.002,-0.031,0.005,n,-1.00,0.029,0.0005889105377718806;-8.097731188172475e-05;-0.00014866153651382774;-8.097731188172475e-05;0.00078793172724545;-0.0002069466863758862;-0.00014866153651382774;-0.0002069466863758862;0.00010416109580546618,1550139843243972,1550139843548542,191.02,0*54
wru,0,-0.007,7.58,-79,-90*6f
wru,1,0.035,1.57,-80,-100*02
wru,2,0.010,1.69,-75,-96*4b
wru,3,-0.003,3.55,-65,-88*03
wrp,1550139843.517,-3.69,0.41,7.42,2.9,88.6,44.7,100.3,0*f0
wrx,192.24,0.076,0.008,-0.005,0.055,-1.00,n,0*2d
wrt,2.17,1.65,1.66,3.55*97
wrz,0.076,0.008,-0.005,n,-1.00,0.055,0.002136878902092576;-0.0008390064467675984;-0.00037992282886989415;-0.0008390064467675984;0.00214185519143939;-0.0003815139934886247;-0.00037992282886989415;-0.0003815139934886247;0.00022302576689980924,1550139843434981,1550139843668597,192.24,0*99
wru,0,-0.058,2.17,-78,-84*c3
wru,1,0.028,1.65,-79,-97*69
wru,2,-0.022,1.66,-81,-91*da
wru,3,0.018,3.55,-64,-83*3f
wrp,1550139843.745,-3.69,0.41,7.43,2.9,88.6,44.6,100.4,0*76
wrx,255.33,0.009,-0.011,0.001,0.007,-1.00,n,0*80
wrt,7.59,7.74,7.58,7.72*8f
wrz,0.009,-0.011,0.001,n,-1.00,0.007,4.276943582226522e-05;1.0287296390742995e-05;2.7227476948610274e-06;1.0287296390742995e-05;4.084264219272882e-05;8.444159220744041e-07;2.7227476948610274e-06;8.444159220744041e-07;3.4632914776011603e-06,1550139843645218,1550139844028539,255.33,0*70
wru,0,-0.009,7.59,-85,-87*7d
wru,1,0.008,7.74,-107,-99*5b
wru,2,0.000,7.58,-97,-95*82
wru,3,0.012,7.72,-88,-87*37
wrp,1550139843.967,-3.70,0.42,7.44,2.9,88.6,44.5,100.3,0*97
wrx,259.73,0.019,-0.004,0.005,0.007,-1.00,n,0*e0
wrt,7.58,7.58,7.58,7.73*b4
wrz,0.019,-0.004,0.005,n,-1.00,0.007,3.094241037615575e-05;1.551683271827642e-05;3.809990971603838e-07;1.551683271827642e-05;3.2741849281592295e-05;2.015772679442307e-06;3.809990971603838e-07;2.015772679442307e-06;2.1468115392053733e-06,1550139843900532,1550139844268542,259.73,0*ae
wru,0,-0.003,7.58,-82,-83*c1
wru,1,0.004,7.58,-105,-96*0b
wru,2,0.010,7.58,-100,-91*60
wru,3,0.015,7.73,-84,-82*76
wrp,1550139844.168,-3.70,0.43,7.45,2.9,88.6,44.5,100.4,0*11
wrp,1550139844.392,-3.70,0.44,7.46,2.9,88.6,44.5,100.4,0*f5
wrx,384.17,0.000,0.000,0.000,2.662,-1.00,n,0*55
wrt,-1.00,-1.00,-1.00,-1.00*fc
wrz,0.000,0.000,0.000,n,-1.00,2.662,7.084647178649902;0;0;0;7.084647178649902;0;0;0;0.6077666878700256,1550139844188187,1550139844648352,384.17,0*06
wru,0,0.000,-1.00,-109,-85*dc
wru,1,0.000,-1.00,-121,-97*de
wru,2,0.000,-1.00,-116,-92*61
wru,3,0.000,-1.00,-108,-84*4f
wrp,1550139844.593,-3.71,0.45,7.47,2.9,88.7,44.5,100.5,0*55
wrp,1550139844.818,-3.71,0.47,7.48,2.9,88.7,44.4,100.3,0*ec
wrx,389.32,0.000,0.000,0.000,2.662,-1.00,n,0*ed
wrt,-1.00,-1.00,-1.00,-1.00*fc
wrz,0.000,0.000,0.000,n,-1.00,2.662,7.084647178649902;0;0;0;7.084647178649902;0;0;0;0.6077666878700256,1550139844572361,1550139845018570,389.32,0*d4
wru,0,0.000,-1.00,-108,-87*b0
wru,1,0.000,-1.00,-120,-97*bc
wru,2,0.000,-1.00,-116,-94*73
wru,3,0.000,-1.00,-107,-87*76
wrx,103.45,-0.000,-0.002,-0.003,0.002,-1.00,n,0*b7
wrt,0.54,0.55,-1.00,0.54*25
wrz,-0.000,-0.002,-0.003,n,-1.00,0.002,4.442647423275048e-06;-1.5277325928764185e-06;8.538596603102633e-07;-1.5277325928764185e-06;2.904128450609278e-06;-4.02165227342266e-07;8.538596603102633e-07;-4.02165227342266e-07;3.6928756230736326e-07,1550139844906134,1550139845138561,103.45,0*e7
wru,0,-0.004,0.54,-71,-85*e6
wru,1,-0.003,0.55,-56,-96*89
wru,2,0.000,0.55,-63,-92*47
wru,3,-0.004,0.54,-64,-84*6e
wrp,1550139845.067,-3.71,0.48,7.50,2.9,88.7,44.4,100.3,0*82
wrx,80.99,0.002,0.006,-0.000,0.004,-1.00,n,0*34
wrt,0.54,0.55,-1.00,0.54*25
wrz,0.002,0.006,-0.000,n,-1.00,0.004,8.146992513502482e-06;-5.7296501836390235e-06;7.075086614349857e-07;-5.7296501836390235e-06;6.300594122876646e-06;-1.6593048712820746e-07;7.075086614349857e-07;-1.6593048712820746e-07;2.558199128088745e-07,1550139845009605,1550139845139715,80.99,0*6b
wru,0,0.001,0.54,-64,-82*bf
wru,1,-0.002,0.55,-51,-93*5e
wru,2,0.000,0.55,-66,-89*8e
wru,3,0.002,0.54,-65,-81*88
wrx,109.09,-0.018,0.034,0.001,0.001,0.86,n,0*4d
wrt,1.12,0.57,1.14,0.54*a0
wrz,-0.018,0.034,0.001,n,0.86,0.001,2.300563153312396e-07;-8.230908576933871e-08;-4.8972083277476486e-08;-8.230908576933871e-08;1.964683491451069e-07;1.2916273384178112e-08;-4.8972083277476486e-08;1.2916273384178112e-08;1.795263671056091e-08,1550139845090892,1550139845258560,109.09,0*a9
wru,0,-0.002,1.12,-57,-85*44
wru,1,-0.001,0.57,-54,-95*7b
wru,2,-0.014,1.14,-53,-92*b0
wru,3,0.006,0.54,-63,-84*45
wrp,1550139845.267,-3.72,0.50,7.51,2.9,88.7,44.4,100.3,0*3a
wrx,111.66,0.018,-0.030,0.002,0.001,0.85,n,0*0d
wrt,1.10,0.55,1.14,0.54*9a
wrz,0.018,-0.030,0.002,n,0.85,0.001,1.530212045963708e-07;-1.044036181951924e-07;1.7261481133346024e-08;-1.044036181951924e-07;1.8779364552301558e-07;-2.129695753083638e-09;1.7261481133346024e-08;-2.129695753083638e-09;8.423498343290703e-09,1550139845199957,1550139845388890,111.66,0*cd
wru,0,-0.018,1.10,-56,-83*83
wru,1,0.006,0.55,-49,-94*fe
wru,2,-0.002,1.14,-51,-91*98
wru,3,0.004,0.54,-65,-83*d6
wrp,1550139845.467,-3.72,0.51,7.52,3.0,88.7,44.3,100.2,0*bb
wrx,195.06,-0.155,-0.071,0.060,0.043,-1.00,n,0*10
wrt,1.63,1.65,1.65,3.55*b3
wrz,-0.155,-0.071,0.060,n,-1.00,0.043,0.001603820244781673;-0.0003514308773446828;-0.00036670645931735635;-0.0003514308773446828;0.001363801071420312;-0.00029646180337294936;-0.00036670645931735635;-0.00029646180337294936;0.000194199092220515,1550139845320971,1550139845628332,195.06,0*b0
wru,0,0.082,1.63,-78,-91*0a
wru,1,0.103,1.65,-80,-99*d2
wru,2,0.036,1.65,-79,-97*c5
wru,3,-0.006,3.55,-66,-90*f0
wrp,1550139845.668,-3.73,0.53,7.54,3.0,88.7,44.3,100.2,0*67
wrx,192.00,0.123,0.021,-0.034,0.046,-1.00,n,0*87
wrt,1.60,1.58,1.68,3.55*0b
wrz,0.123,0.021,-0.034,n,-1.00,0.046,0.0019637614022940397;-0.0002461046096868813;-0.0005029786261729896;-0.0002461046096868813;0.0007542861276306212;-0.00014881447714287788;-0.0005029786261729896;-0.00014881447714287788;0.00019087876717094332,1550139845516039,1550139845748921,192.00,0*0c
wru,0,-0.080,1.60,-76,-82*f2
wru,1,-0.025,1.58,-81,-94*57
wru,2,-0.010,1.68,-74,-89*4f
wru,3,0.008,3.55,-66,-82*49
wrp,1550139845.892,-3.74,0.55,7.55,3.0,88.8,44.2,100.2,0*61
wrx,259.40,-0.016,-0.028,-0.006,0.006,-1.00,n,0*4f
wrt,7.73,7.68,7.74,7.56*3a
wrz,-0.016,-0.028,-0.006,n,-1.00,0.006,3.0717990739503875e-05;1.139439882535953e-05;2.6783084194903495e-06;1.139439882535953e-05;2.925368789874483e-05;-1.8622929474076955e-06;2.6783084194903495e-06;-1.8622929474076955e-06;2.3785016765032196e-06,1550139845726020,1550139846108596,259.40,0*3b
wru,0,-0.008,7.73,-83,-84*39
wru,1,0.004,7.68,-104,-95*41
wru,2,-0.000,7.74,-102,-92*8a
wru,3,-0.020,7.56,-86,-85*82
wrp,1550139846.092,-3.74,0.57,7.57,3.0,88.9,44.1,100.3,0*eb
wrx,259.45,-0.008,0.018,-0.002,0.004,-1.00,n,0*3e
wrt,7.59,7.71,7.58,7.56*da
wrz,-0.008,0.018,-0.002,n,-1.00,0.004,9.753875929163769e-06;-2.06670193847458e-07;-5.953413051429379e-07;-2.06670193847458e-07;1.4767800166737288e-05;-2.619548240545555e-06;-5.953413051429379e-07;-2.619548240545555e-06;1.3007608004045323e-06,1550139845985415,1550139846358494,259.45,0*c9
wru,0,0.006,7.59,-86,-86*a4
wru,1,-0.009,7.71,-104,-96*e2
wru,2,-0.007,7.58,-90,-93*2b
wru,3,0.000,7.56,-89,-85*10
wrp,1550139846.317,-3.75,0.60,7.58,3.0,88.8,44.0,100.3,0*2a
wrp,1550139846.567,-3.75,0.63,7.60,3.0,88.8,43.9,100.5,0*65
wrx,387.82,0.000,0.000,0.000,2.662,-1.00,n,0*21
wrt,-1.00,-1.00,-1.00,-1.00*fc
wrz,0.000,0.000,0.000,n,-1.00,2.662,7.084647178649902;0;0;0;7.084647178649902;0;0;0;0.6077666878700256,1550139846272779,1550139846718577,387.82,0*29
wru,0,0.000,-1.00,-108,-85*be
wru,1,0.000,-1.00,-117,-95*e0
wru,2,0.000,-1.00,-114,-92*a5
wru,3,0.000,-1.00,-106,-85*1a
wrp,1550139846.792,-3.76,0.65,7.62,3.1,88.8,44.0,100.6,0*c5
wrp,1550139847.017,-3.77,0.68,7.64,3.1,88.7,44.0,100.5,0*f7
wrx,396.42,0.000,0.000,0.000,2.662,-1.00,n,0*59
wrt,-1.00,-1.00,-1.00,-1.00*fc
wrz,0.000,0.000,0.000,n,-1.00,2.662,7.084647178649902;0;0;0;7.084647178649902;0;0;0;0.6077666878700256,1550139846660533,1550139847198463,396.42,0*89
wru,0,0.000,-1.00,-109,-83*ce
wru,1,0.000,-1.00,-118,-94*d7
wru,2,0.000,-1.00,-116,-91*68
wru,3,0.000,-1.00,-106,-83*08
wrx,106.13,-0.005,0.044,-0.009,0.004,-1.00,n,0*5e
wrt,0.53,0.54,0.53,0.54*be
wrz,-0.005,0.044,-0.009,n,-1.00,0.004,9.60902889346471e-06;-6.134125214884989e-06;2.9653682531716186e-07;-6.134125214884989e-06;1.0342729183321353e-05;-6.582574769709026e-07;2.9653682531716186e-07;-6.582574769709026e-07;5.546141892409651e-07,1550139847001485,1550139847199278,106.13,0*7f
wru,0,0.004,0.53,-64,-84*bd
wru,1,-0.019,0.54,-62,-94*4f
wru,2,-0.024,0.53,-65,-92*ca
wru,3,0.002,0.54,-61,-82*0e
wrx,81.23,0.008,-0.005,-0.003,0.002,-1.00,n,0*16
wrt,0.53,0.55,0.53,0.54*a1
wrz,0.008,-0.005,-0.003,n,-1.00,0.002,3.570618673620629e-06;-7.635366614522354e-07;7.213015464913042e-07;-7.635366614522354e-07;1.8404709862807067e-06;1.4815260840350675e-07;7.213015464913042e-07;1.4815260840350675e-07;2.9137586921024194e-07,1550139847107621,1550139847318618,81.23,0*aa
wru,0,-0.005,0.53,-64,-86*a6
wru,1,-0.004,0.55,-52,-95*ba
wru,2,0.006,0.53,-63,-93*01
wru,3,-0.006,0.54,-64,-85*a4
wrp,1550139847.242,-3.77,0.72,7.66,3.1,88.8,43.9,100.5,0*64
wrx,104.45,-0.012,-0.024,0.002,0.001,-1.00,n,0*20
wrt,1.12,0.57,1.14,0.54*a0
wrz,-0.012,-0.024,0.002,n,-1.00,0.001,4.4396949760994175e-07;-9.882896989665824e-08;-3.5380743668156356e-08;-9.882896989665824e-08;4.538680400401063e-07;-1.1347826678331785e-08;-3.5380743668156356e-08;-1.1347826678331785e-08;3.400499792860501e-08,1550139847190547,1550139847438540,104.45,0*a2
wru,0,-0.003,1.12,-59,-83*e1
wru,1,0.013,0.57,-59,-93*fd
wru,2,0.004,1.14,-56,-90*c1
wru,3,-0.007,0.54,-68,-82*c2
wrx,112.73,0.022,-0.035,0.005,0.001,0.85,n,0*d5
wrt,1.11,0.55,1.14,0.54*98
wrz,0.022,-0.035,0.005,n,0.85,0.001,1.7026273724241037e-07;-8.271603491039059e-08;3.704901985202014e-08;-8.271603491039059e-08;1.889112155595285e-07;-1.8932929890524974e-08;3.704901985202014e-08;-1.8932929890524974e-08;1.3390219599784814e-08,1550139847293289,1550139847439501,112.73,0*b9
wru,0,-0.012,1.11,-60,-88*0b
wru,1,0.010,0.55,-48,-98*5d
wru,2,0.015,1.14,-51,-95*a3
wru,3,0.007,0.54,-63,-88*84
wrp,1550139847.467,-3.78,0.75,7.68,3.1,88.9,43.8,100.5,0*55
wrx,190.66,-0.068,-0.065,0.024,0.037,-1.00,n,0*37
wrt,1.59,1.55,1.64,3.53*69
wrz,-0.068,-0.065,0.024,n,-1.00,0.037,0.0012865856988355517;-0.00014196436677593738;-0.00033506934414617717;-0.00014196436677593738;0.000688879401423037;-0.00015999966126400977;-0.00033506934414617717;-0.00015999966126400977;0.0001449732662877068,1550139847415668,1550139847678317,190.66,0*e6
wru,0,0.012,1.59,-76,-84*db
wru,1,0.097,1.55,-81,-94*b2
wru,2,0.016,1.64,-76,-91*f3
wru,3,-0.014,3.53,-69,-83*b5
wrp,1550139847.667,-3.79,0.78,7.70,3.2,88.8,43.8,100.4,0*19
wrx,190.03,-0.066,-0.061,0.043,0.041,-1.00,n,0*6b
wrt,1.65,1.57,1.69,3.56*84
wrz,-0.066,-0.061,0.043,n,-1.00,0.041,0.001453680102713406;-0.00036651379195973277;-0.0003183248045388609;-0.00036651379195973277;0.0007796800346113741;-0.00012085595517419279;-0.0003183248045388609;-0.00012085595517419279;0.0001286933256778866,1550139847605589,1550139847918721,190.03,0*14
wru,0,0.017,1.65,-76,-83*2c
wru,1,0.103,1.57,-82,-93*6a
wru,2,0.029,1.69,-77,-91*9a
wru,3,0.005,3.56,-66,-82*87
wrp,1550139847.867,-3.79,0.81,7.72,3.2,88.9,43.6,100.4,0*d3
wrp,1550139848.068,-3.80,0.84,7.74,3.3,88.9,43.6,100.4,0*45
wrx,253.38,0.013,-0.001,-0.014,0.006,-1.00,n,0*4b
wrt,7.73,7.67,7.74,7.73*ae
wrz,0.013,-0.001,-0.014,n,-1.00,0.006,1.856181006587576e-05;3.525903366607963e-06;-4.185313873250607e-09;3.525903366607963e-06;3.0135188353597187e-05;-5.410787707660347e-06;-4.185313873250607e-09;-5.410787707660347e-06;2.546076302678557e-06,1550139847814343,1550139848158930,253.38,0*6b
wru,0,-0.015,7.73,-84,-90*e9
wru,1,-0.025,7.67,-107,-99*6c
wru,2,-0.002,7.74,-90,-97*bd
wru,3,-0.012,7.73,-82,-90*5c
wrp,1550139848.292,-3.81,0.88,7.76,3.3,88.9,43.6,100.5,0*6d
wrx,265.45,0.079,0.041,0.025,0.005,-1.00,n,0*bd
wrt,7.59,7.69,7.58,7.60*52
wrz,0.079,0.041,0.025,n,-1.00,0.005,2.9142072889953852e-05;-4.0393118183601473e-07;5.916168674957589e-07;-4.0393118183601473e-07;2.9691042072954588e-05;1.7478780591773102e-06;5.916168674957589e-07;1.7478780591773102e-06;2.600435664135148e-06,1550139848067723,1550139848398970,265.45,0*79
wru,0,0.014,7.59,-88,-85*87
wru,1,-0.009,7.69,-105,-95*df
wru,2,0.034,7.58,-97,-91*db
wru,3,0.056,7.60,-96,-84*98
wrp,1550139848.518,-3.82,0.92,7.79,3.4,89.0,43.6,100.7,0*89
wrx,389.98,0.000,0.000,0.000,2.662,-1.00,n,0*81
wrt,-1.00,-1.00,-1.00,-1.00*fc
wrz,0.000,0.000,0.000,n,-1.00,2.662,7.084647178649902;0;0;0;7.084647178649902;0;0;0;0.6077666878700256,1550139848361070,1550139848768827,389.98,0*96
wru,0,0.000,-1.00,-108,-86*b7
wru,1,0.000,-1.00,-120,-97*bc
wru,2,0.000,-1.00,-115,-93*c0
wru,3,0.000,-1.00,-107,-85*78
wrp,1550139848.745,-3.83,0.97,7.81,3.4,89.0,43.5,100.6,0*82
wrp,1550139848.967,-3.84,1.01,7.84,3.5,89.1,43.4,100.7,0*37
wrx,385.05,-0.039,-0.014,0.019,0.009,13.94,y,0*40
wrt,39.05,-1.00,42.23,29.04*4e
wrz,-0.039,-0.014,0.019,y,13.94,0.009,6.800793926231563e-05;2.3897644496173598e-05;-1.2967151633347385e-05;2.3897644496173598e-05;5.677413719240576e-05;-9.667513040767517e-06;-1.2967151633347385e-05;-9.667513040767517e-06;6.636687885475112e-06,1550139848713102,1550139849248613,385.05,0*20
wru,0,0.025,39.05,-109,-91*a7
wru,1,0.000,-1.00,-120,-100*97
wru,2,0.011,42.23,-114,-97*2d
wru,3,0.003,29.04,-108,-91*ae
wrp,1550139849.168,-3.84,1.05,7.86,3.5,89.1,43.4,100.7,0*38
wrx,120.48,-0.001,0.025,-0.002,0.005,-1.00,n,0*bc
wrt,0.09,0.55,0.08,0.54*1d
wrz,-0.001,0.025,-0.002,n,-1.00,0.005,1.2301853530516382e-05;-9.740022505866364e-06;3.193784436916758e-07;-9.740022505866364e-06;1.2518950825324282e-05;4.0443572402182326e-07;3.193784436916758e-07;4.0443572402182326e-07;4.1624645064075594e-07,1550139849080562,1550139849249668,120.48,0*26
wru,0,0.008,0.09,-55,-86*f6
wru,1,-0.008,0.55,-53,-98*5b
wru,2,-0.006,0.08,-57,-93*57
wru,3,0.004,0.54,-62,-85*ed
wrx,84.41,0.004,-0.006,-0.001,0.603,-1.00,n,0*6f
wrt,0.09,0.55,-1.00,-1.00*50
wrz,0.004,-0.006,-0.001,n,-1.00,0.603,0.3353882133960724;-4.942908162774984e-06;0.09823113679885864;-4.942908162774984e-06;1.2343300113570876e-05;1.447894646844361e-06;0.09823113679885864;1.447894646844361e-06;0.028771765530109406,1550139849201048,1550139849368681,84.41,0*71
wru,0,-0.004,0.09,-55,-85*af
wru,1,-0.001,0.55,-64,-96*fb
wru,2,0.000,0.54,-67,-91*b8
wru,3,0.000,0.54,-71,-83*ed
wrx,109.35,-0.014,-0.001,-0.000,0.000,0.85,n,0*0c
wrt,1.12,0.55,1.14,0.54*9e
wrz,-0.014,-0.001,-0.000,n,0.85,0.000,1.40049607466608e-07;-3.113761692929984e-09;-6.791001982975331e-09;-3.113761692929984e-09;1.3272932619656785e-07;-1.4017923710696323e-08;-6.791001982975331e-09;-1.4017923710696323e-08;1.1819033751692132e-08,1550139849285756,1550139849488410,109.35,0*ca
wru,0,0.001,1.12,-56,-83*ec
wru,1,0.008,0.55,-52,-94*05
wru,2,-0.007,1.14,-50,-89*af
wru,3,-0.003,0.54,-67,-81*66
wrp,1550139849.392,-3.70,0.43,7.56,3.1,89.2,43.3,100.7,0*96
wrx,111.67,-0.028,0.008,0.000,0.000,-1.00,n,0*b0
wrt,1.11,0.57,1.14,0.54*a6
wrz,-0.028,0.008,0.000,n,-1.00,0.000,1.353437397710877e-07;-4.725380264858359e-08;-2.4504664963842515e-09;-4.725380264858359e-08;6.294250454175199e-08;-1.6563870275376757e-09;-2.4504664963842515e-09;-1.6563870275376757e-09;3.988644969865618e-09,1550139849396492,1550139849618767,111.67,0*e6
wru,0,0.012,1.11,-54,-91*25
wru,1,0.005,0.57,-57,-99*7c
wru,2,-0.007,1.14,-59,-96*ec
wru,3,-0.006,0.54,-61,-90*47
wrp,1550139849.592,-3.70,0.44,7.57,3.1,89.1,43.3,100.7,0*6c
wrx,187.88,-0.067,0.014,0.015,0.052,-1.00,n,0*39
wrt,1.66,1.60,1.69,3.55*31
wrz,-0.067,0.014,0.015,n,-1.00,0.052,0.0021539556328207254;-0.0006576612940989435;-0.000438243878306821;-0.0006576612940989435;0.0018716312479227781;-0.0003555537259671837;-0.000438243878306821;-0.0003555537259671837;0.0002324995439266786,1550139849516140,1550139849738930,187.88,0*b4
wru,0,0.054,1.66,-81,-90*f0
wru,1,-0.006,1.60,-80,-99*2a
wru,2,0.007,1.69,-77,-95*86
wru,3,-0.000,3.55,-68,-89*d8
wrp,1550139849.793,-3.70,0.44,7.58,3.1,89.1,43.2,100.6,0*3f
wrx,198.79,-0.010,-0.133,0.037,0.052,-1.00,n,0*02
wrt,2.15,1.63,1.68,3.53*7a
wrz,-0.010,-0.133,0.037,n,-1.00,0.052,0.0014245582278817892;-0.00042286605457775295;-0.00029337374144233763;-0.00042286605457775295;0.0024117680732160807;-0.0005824635736644268;-0.00029337374144233763;-0.0005824635736644268;0.0002565105678513646,1550139849704008,1550139849978573,198.79,0*cf
wru,0,0.002,2.15,-79,-91*32
wru,1,0.067,1.63,-82,-99*2f
wru,2,0.070,1.68,-76,-95*2a
wru,3,-0.004,3.53,-64,-90*e8
wrp,1550139850.017,-3.70,0.45,7.58,3.1,89.1,43.2,100.7,0*12
wrx,259.37,0.012,0.002,-0.000,0.006,-1.00,n,0*19
wrt,7.73,7.58,7.58,7.73*be
wrz,0.012,0.002,-0.000,n,-1.00,0.006,2.8504300644272007e-05;-4.777076355821919e-06;-2.4302632937178714e-06;-4.777076355821919e-06;2.6674459149944596e-05;1.222838136527571e-06;-2.4302632937178714e-06;1.222838136527571e-06;2.4267271783173783e-06,1550139849919707,1550139850218650,259.37,0*96
wru,0,0.004,7.73,-85,-85*25
wru,1,-0.007,7.58,-108,-97*68
wru,2,0.005,7.58,-91,-91*ad
wru,3,0.001,7.73,-86,-83*9d
wrp,1550139850.242,-3.70,0.45,7.59,3.1,89.2,42.9,100.8,0*8d
wrx,260.98,0.011,-0.031,-0.010,0.011,-1.00,n,0*3a
wrt,7.74,7.73,7.59,7.73*fa
wrz,0.011,-0.031,-0.010,n,-1.00,0.011,8.261581388069317e-05;3.1334384402725846e-05;1.6620018072899256e-07;3.1334384402725846e-05;8.414650073973462e-05;-2.9642526442330563e-06;1.6620018072899256e-07;-2.9642526442330563e-06;6.198351002240088e-06,1550139850180142,1550139850578519,260.98,0*f7
wru,0,-0.024,7.74,-86,-86*7f
wru,1,0.006,7.73,-104,-97*cc
wru,2,-0.002,7.59,-94,-93*a5
wru,3,-0.007,7.73,-84,-85*d4
wrp,1550139850.443,-3.70,0.46,7.60,3.1,89.4,43.0,101.6,0*cc
wrp,1550139850.667,-3.71,0.47,7.61,3.2,88.2,42.3,100.5,0*3d
wrx,390.96,0.000,0.000,0.000,2.662,-1.00,n,0*db
wrt,-1.00,-1.00,-1.00,-1.00*fc
wrz,0.000,0.000,0.000,n,-1.00,2.662,7.084647178649902;0;0;0;7.084647178649902;0;0;0;0.6077666878700256,1550139850469031,1550139850938362,390.96,0*d9
wru,0,0.000,-1.00,-111,-86*e5
wru,1,0.000,-1.00,-119,-96*bb
wru,2,0.000,-1.00,-117,-92*03
wru,3,0.000,-1.00,-105,-84*bb
wrp,1550139850.867,-3.71,0.47,7.62,3.2,87.9,41.9,100.3,0*dc
wrp,1550139851.117,-3.71,0.49,7.63,3.2,88.3,41.8,100.5,0*a0
wrx,390.76,-0.027,-0.027,-0.020,0.009,-1.00,n,0*53
wrt,18.10,-1.00,19.26,56.40*49
wrz,-0.027,-0.027,-0.020,n,-1.00,0.009,4.879523112322204e-05;2.6051535314763896e-05;-6.607829618587857e-06;2.6051535314763896e-05;4.456438182387501e-05;-5.367959147406509e-06;-6.607829618587857e-06;-5.367959147406509e-06;3.5787991237157257e-06,1550139850859990,1550139851298434,390.76,0*1f
wru,0,-0.018,18.10,-109,-90*35
wru,1,0.000,-1.00,-122,-101*c2
wru,2,-0.018,19.26,-115,-97*28
wru,3,-0.033,56.40,-105,-90*56
wrx,114.81,-0.022,-0.023,-0.002,0.819,-1.00,n,0*7a
wrt,-1.00,0.55,-1.00,0.53*f9
wrz,-0.022,-0.023,-0.002,n,-1.00,0.819,0.3353691101074219;-0.33536624908447266;1.2539629778984818e-07;-0.33536624908447266;0.3353691101074219;1.254195893807264e-07;1.2539629778984818e-07;1.254195893807264e-07;4.7202567543536134e-07,1550139851195207,1550139851418565,114.81,0*3a
wru,0,0.000,0.12,-65,-91*92
wru,1,0.011,0.55,-55,-99*62
wru,2,0.000,0.54,-66,-96*cf
wru,3,-0.014,0.53,-69,-89*64
wrp,1550139851.345,-3.71,0.50,7.64,3.2,86.1,41.0,97.9,0*15
wrx,80.03,-0.001,-0.062,-0.034,0.007,-1.00,n,0*2c
wrt,0.53,0.06,-1.00,0.53*37
wrz,-0.001,-0.062,-0.034,n,-1.00,0.007,2.53436101047555e-05;-1.9653009076137096e-05;1.6673196796546108e-06;-1.9653009076137096e-05;3.5138185921823606e-05;-4.207126494293334e-06;1.6673196796546108e-06;-4.207126494293334e-06;1.8982635765496525e-06,1550139851309976,1550139851419884,80.03,0*28
wru,0,-0.048,0.53,-57,-80*f6
wru,1,-0.014,0.06,-31,-92*0e
wru,2,0.000,0.53,-64,-91*76
wru,3,-0.049,0.53,-69,-79*8d
wrx,106.82,-0.011,0.013,-0.046,0.001,0.84,n,0*37
wrt,1.12,0.55,1.11,1.12*43
wrz,-0.011,0.013,-0.046,n,0.84,0.001,6.759098027941945e-07;2.0185207461054233e-07;5.465181085462234e-10;2.0185207461054233e-07;8.368774615519214e-07;-1.734487682369945e-07;5.465181085462234e-10;-1.734487682369945e-07;2.7785455358753097e-07,1550139851390346,1550139851538301,106.82,0*d7
wru,0,-0.035,1.12,-53,-85*a6
wru,1,-0.046,0.55,-53,-96*c6
wru,2,-0.048,1.11,-55,-92*ae
wru,3,-0.042,1.12,-66,-82*d9
wrp,1550139851.545,-3.70,0.51,7.65,3.2,83.3,37.9,95.7,0*db
wrx,109.09,-0.018,0.006,-0.102,0.001,0.85,y,0*71
wrt,1.14,0.57,1.11,0.57*28
wrz,-0.018,0.006,-0.102,y,0.85,0.001,4.410723875025724e-07;-5.5972726897834946e-08;2.2010723910170782e-07;-5.5972726897834946e-08;4.625906910860067e-07;-5.1058459682451485e-09;2.2010723910170782e-07;-5.1058459682451485e-09;1.091272679332178e-06,1550139851497125,1550139851658930,109.09,0*25
wru,0,-0.088,1.14,-57,-88*35
wru,1,-0.091,0.57,-51,-93*82
wru,2,-0.102,1.11,-51,-92*09
wru,3,-0.098,0.57,-71,-83*92
wrx,77.56,0.120,0.121,-0.138,0.003,0.16,n,0*c1
wrt,0.05,0.11,0.55,0.05*24
wrz,0.120,0.121,-0.138,n,0.16,0.003,3.4854751902457792e-06;1.6589157212365535e-06;-1.68280007528665e-06;1.6589157212365535e-06;3.8123412196000572e-06;-1.443200744688511e-06;-1.68280007528665e-06;-1.443200744688511e-06;2.140784317816724e-06,1550139851605632,1550139851778690,77.56,0*52
wru,0,-0.093,0.05,-26,-87*49
wru,1,-0.214,0.11,-38,-92*71
wru,2,-0.112,0.55,-46,-92*a5
wru,3,-0.106,0.05,-26,-85*70
wrx,80.07,-0.019,0.029,-0.106,0.002,0.04,y,0*b8
wrt,0.06,0.06,0.05,0.06*81
wrz,-0.019,0.029,-0.106,y,0.04,0.002,2.803800953188329e-06;3.345735706261621e-07;2.2352170958583883e-07;3.345735706261621e-07;2.85375381281483e-06;-3.044440006760851e-07;2.2352170958583883e-07;-3.044440006760851e-07;1.3683784345630556e-06,1550139851683108,1550139851898480,80.07,0*f9
wru,0,-0.085,0.06,-26,-87*27
wru,1,-0.102,0.06,-25,-95*5a
wru,2,-0.111,0.05,-27,-90*d8
wru,3,-0.096,0.06,-26,-82*ea
wrp,1550139851.767,-3.99,0.41,7.57,3.1,83.5,36.0,97.8,0*d7
wrx,107.30,0.004,0.004,-0.090,0.001,0.65,n,0*8d
wrt,0.58,0.58,1.16,0.58*89
wrz,0.004,0.004,-0.090,n,0.65,0.001,3.4070262699970044e-07;5.46878498042247e-09;-4.7433587724299286e-08;5.46878498042247e-09;3.52139522874495e-07;-1.9723497501900056e-08;-4.7433587724299286e-08;-1.9723497501900056e-08;8.44886812956247e-07,1550139851763753,1550139852018366,107.30,0*34
wru,0,-0.082,0.58,-49,-87*4b
wru,1,-0.087,0.58,-49,-96*e5
wru,2,-0.083,1.16,-53,-92*f1
wru,3,-0.082,0.58,-52,-82*8d
wrp,1550139851.968,-4.01,0.41,7.57,3.1,81.0,34.6,96.0,0*f2
wrx,111.24,-0.000,0.048,-0.096,0.001,0.80,y,0*a3
wrt,1.20,0.59,1.16,0.59*7d
wrz,-0.000,0.048,-0.096,y,0.80,0.001,6.554869287356269e-07;-1.3151829136859305e-07;1.4690182581489353e-07;-1.3151829136859305e-07;4.674293165862764e-07;-4.6389703811655636e-07;1.4690182581489353e-07;-4.6389703811655636e-07;9.726287544253864e-07,1550139851870934,1550139852019775,111.24,0*84
wru,0,-0.076,1.20,-50,-88*9b
wru,1,-0.102,0.59,-50,-95*0e
wru,2,-0.102,1.16,-53,-92*a5
wru,3,-0.076,0.59,-55,-84*e3
wrx,108.07,0.011,0.022,-0.136,0.001,0.54,y,0*19
wrt,0.60,0.61,0.60,0.60*10
wrz,0.011,0.022,-0.136,y,0.54,0.001,7.099639560692594e-07;1.597744727632744e-07;-9.324887884076816e-08;1.597744727632744e-07;8.877742629920249e-07;-1.8417941305415297e-07;-9.324887884076816e-08;-1.8417941305415297e-07;1.9334861462994013e-06,1550139851982197,1550139852138603,108.07,0*b5
wru,0,-0.123,0.60,-53,-86*f8
wru,1,-0.135,0.61,-48,-94*2d
wru,2,-0.129,0.60,-43,-90*a9
wru,3,-0.118,0.60,-55,-83*2e
wrp,1550139852.192,-4.03,0.41,7.58,3.1,82.5,35.9,98.0,0*0d
wrx,106.93,0.023,0.019,-0.140,0.001,0.56,y,0*5e
wrt,0.61,0.63,0.63,0.63*5e
wrz,0.023,0.019,-0.140,y,0.56,0.001,9.063717811841343e-07;4.2575231873343e-07;-4.30223281000508e-07;4.2575231873343e-07;7.227057494674227e-07;-2.0049169791036547e-07;-4.30223281000508e-07;-2.0049169791036547e-07;1.973915686903638e-06,1550139852090287,1550139852268902,106.93,0*93
wru,0,-0.126,0.61,-51,-90*3a
wru,1,-0.143,0.63,-47,-97*b4
wru,2,-0.127,0.63,-50,-90*c0
wru,3,-0.119,0.63,-48,-84*88
wrx,108.57,0.005,0.042,-0.139,0.001,0.70,y,0*40
wrt,0.64,0.65,1.19,0.64*74
wrz,0.005,0.042,-0.139,y,0.70,0.001,5.65310926958773e-07;1.4947083570859832e-07;-1.6624383647467766e-07;1.4947083570859832e-07;5.231260047366959e-07;-5.625763606076362e-07;-1.6624383647467766e-07;-5.625763606076362e-07;1.9422259356360883e-06,1550139852197325,1550139852398690,108.57,0*84
wru,0,-0.117,0.64,-48,-89*e5
wru,1,-0.141,0.65,-45,-99*86
wru,2,-0.137,1.19,-51,-93*6f
wru,3,-0.115,0.64,-49,-86*2c
wrx,107.25,-0.013,0.029,-0.168,0.002,0.51,y,0*2b
wrt,0.30,0.67,0.67,0.65*a0
wrz,-0.013,0.029,-0.168,y,0.51,0.002,8.056901492636825e-07;3.4542514981694694e-07;1.6561067184284184e-07;3.4542514981694694e-07;9.264734330827196e-07;-4.1300776842945197e-07;1.6561067184284184e-07;-4.1300776842945197e-07;2.9306422675290378e-06,1550139852305749,1550139852518593,107.25,0*48
wru,0,-0.149,0.30,-47,-88*fc
wru,1,-0.156,0.67,-52,-98*73
wru,2,-0.169,0.67,-51,-93*ff
wru,3,-0.146,0.65,-52,-84*8a
wrp,1550139852.417,-4.05,0.40,7.58,3.1,81.2,34.7,95.3,0*25
wrx,104.01,-0.095,0.457,-0.087,1.748,-1.00,n,0*02
wrt,-1.00,0.32,0.68,-1.00*28
wrz,-0.095,0.457,-0.087,n,-1.00,1.748,3.983026181231253e-05;1.488311136199627e-05;-4.8746069296612404e-06;1.488311136199627e-05;2.815497398376465;0.824624240398407;-4.8746069296612404e-06;0.824624240398407;0.24153047800064087,1550139852414669,1550139852638555,104.01,0*de
wru,0,0.000,0.34,-48,-91*f5
wru,1,-0.137,0.32,-41,-96*d1
wru,2,-0.188,0.68,-47,-92*d2
wru,3,0.000,0.67,-49,-84*a9
wrp,1550139852.617,-4.08,0.40,7.59,3.1,84.2,36.7,98.3,0*90
wrx,111.24,-0.210,-0.210,-0.088,2.366,-1.00,n,0*3f
wrt,-1.00,-1.00,-1.00,0.38*ee
wrz,-0.210,-0.210,-0.088,n,-1.00,2.366,3.7326738834381104;-1.8651812076568604;-0.5469712615013123;-1.8651812076568604;3.7326738834381104;-0.5469712615013123;-0.5469712615013123;-0.5469712615013123;0.32041028141975403,1550139852518642,1550139852758583,111.24,0*4a
wru,0,0.000,0.34,-50,-88*ef
wru,1,0.000,0.31,-49,-95*3d
wru,2,0.000,0.37,-42,-91*fb
wru,3,-0.182,0.38,-41,-83*70
wrx,105.77,0.200,-0.200,-0.058,2.366,-1.00,n,0*c7
wrt,0.41,-1.00,-1.00,-1.00*07
wrz,0.200,-0.200,-0.058,n,-1.00,2.366,3.7319979667663574;1.8658570051193237;0.5465738773345947;1.8658570051193237;3.7319979667663574;-0.5465738773345947;0.5465738773345947;-0.5465738773345947;0.3201774060726166,1550139852629843,1550139852878627,105.77,0*da
wru,0,-0.162,0.41,-53,-90*69
wru,1,0.000,0.35,-50,-97*82
wru,2,0.000,0.41,-50,-93*16
wru,3,0.000,0.35,-51,-86*aa
wrp,1550139852.818,-4.11,0.40,7.59,3.1,84.3,35.6,98.7,0*b3
wrx,109.92,-0.007,0.362,-0.065,1.744,-1.00,n,0*2d
wrt,-1.00,0.73,0.38,-1.00*74
wrz,-0.007,0.362,-0.065,n,-1.00,1.744,1.6405272162955953e-06;-3.9171681009975146e-08;-1.6108504752310182e-08;-3.9171681009975146e-08;2.802448034286499;0.8208115100860596;-1.6108504752310182e-08;0.8208115100860596;0.24041134119033813,1550139852735692,1550139852879878,109.92,0*9f
wru,0,0.000,0.30,-46,-92*4d
wru,1,-0.154,0.73,-48,-97*ec
wru,2,-0.158,0.38,-50,-93*c6
wru,3,0.000,0.39,-51,-85*81
wrx,83.31,-0.001,-0.006,-0.169,0.002,0.21,n,0*00
wrt,0.24,0.24,0.25,0.26*8e
wrz,-0.001,-0.006,-0.169,n,0.21,0.002,1.229017698278767e-06;8.727337075242758e-09;-8.955387187370434e-08;8.727337075242758e-09;1.1995480235782452e-06;1.1446235959056139e-08;-8.955387187370434e-08;1.1446235959056139e-08;2.973767323055654e-06,1550139852843401,1550139852998682,83.31,0*93
wru,0,-0.158,0.24,-26,-97*8b
wru,1,-0.154,0.24,-25,-100*52
wru,2,-0.155,0.25,-27,-98*77
wru,3,-0.158,0.26,-29,-92*19
wrx,79.99,0.001,-0.015,-0.164,0.002,0.22,y,0*4f
wrt,0.26,0.25,0.25,0.26*95
wrz,0.001,-0.015,-0.164,y,0.22,0.002,1.3270791896502487e-06;1.7910364746853702e-08;-1.3707299295617759e-08;1.7910364746853702e-08;1.5751445516798412e-06;4.229104035857745e-07;-1.3707299295617759e-08;4.229104035857745e-07;2.827097887347918e-06,1550139852926935,1550139853118427,79.99,0*0a
wru,0,-0.156,0.26,-24,-90*c5
wru,1,-0.148,0.25,-26,-96*84
wru,2,-0.147,0.25,-28,-92*09
wru,3,-0.156,0.26,-25,-83*f0
wrp,1550139853.067,-4.15,0.41,7.59,3.1,85.4,34.8,99.2,0*3e
wrx,76.81,0.019,-0.020,-0.148,0.002,0.24,y,0*82
wrt,0.27,0.27,0.27,0.27*fc
wrz,0.019,-0.020,-0.148,y,0.24,0.002,1.2286772061997908e-06;-5.22538101677128e-08;-3.110297654984606e-07;-5.22538101677128e-08;1.4155093595036305e-06;4.526071109012264e-07;-3.110297654984606e-07;4.526071109012264e-07;2.3466136553906836e-06,1550139853006943,1550139853119939,76.81,0*69
wru,0,-0.149,0.27,-25,-92*ed
wru,1,-0.137,0.27,-31,-99*d1
wru,2,-0.127,0.27,-27,-92*7c
wru,3,-0.138,0.27,-26,-85*e7
wrx,77.49,0.029,-0.008,-0.151,0.002,0.24,y,0*5b
wrt,0.28,0.27,0.28,0.28*5f
wrz,0.029,-0.008,-0.151,y,0.24,0.002,1.7249660686502466e-06;-2.918846462307556e-07;-5.258450528344838e-07;-2.918846462307556e-07;1.6197094510062016e-06;5.4025445450633924e-08;-5.258450528344838e-07;5.4025445450633924e-08;2.4054047571553383e-06,1550139853083755,1550139853238603,77.49,0*10
wru,0,-0.148,0.28,-25,-91*a8
wru,1,-0.145,0.27,-26,-97*34
wru,2,-0.128,0.28,-25,-92*99
wru,3,-0.134,0.28,-27,-85*8c
wrx,85.20,0.016,-0.025,-0.160,0.002,0.26,y,0*39
wrt,0.31,0.30,0.30,0.30*fe
wrz,0.016,-0.025,-0.160,y,0.26,0.002,7.707596978434594e-07;-9.171046855271925e-08;-1.9361402792128501e-07;-9.171046855271925e-08;7.553349519184849e-07;3.884357795413962e-07;-1.9361402792128501e-07;3.884357795413962e-07;2.5390122573298868e-06,1550139853161255,1550139853358594,85.20,0*12
wru,0,-0.157,0.31,-26,-89*ce
wru,1,-0.142,0.30,-30,-96*e4
wru,2,-0.136,0.30,-27,-91*25
wru,3,-0.147,0.30,-28,-83*2d
wrp,1550139853.292,-4.19,0.40,7.58,3.1,87.2,34.6,99.2,0*c3
wrx,81.58,0.017,-0.005,-0.142,0.001,0.28,y,0*f3
wrt,0.32,0.31,0.32,0.32*bb
wrz,0.017,-0.005,-0.142,y,0.28,0.001,4.3554859985306393e-07;-5.900357891164276e-08;-2.3826899564483028e-07;-5.900357891164276e-08;4.825286055165634e-07;1.2690762218880991e-08;-2.3826899564483028e-07;1.2690762218880991e-08;2.0561617475323146e-06,1550139853246468,1550139853359759,81.58,0*6d
wru,0,-0.137,0.32,-28,-90*8a
wru,1,-0.135,0.31,-26,-95*41
wru,2,-0.125,0.32,-30,-90*4d
wru,3,-0.128,0.32,-29,-83*82
wrx,77.62,0.011,-0.003,-0.119,0.001,0.28,y,0*b0
wrt,0.32,0.32,0.33,0.32*b3
wrz,0.011,-0.003,-0.119,y,0.28,0.001,1.0528236771278898e-06;3.8941618640819797e-07;-1.6656444756790734e-07;3.8941618640819797e-07;1.0377335684097488e-06;5.251966861408164e-09;-1.6656444756790734e-07;5.251966861408164e-09;1.4914668327037361e-06,1550139853328041,1550139853478562,77.62,0*ec
wru,0,-0.114,0.32,-32,-91*3c
wru,1,-0.111,0.32,-30,-98*7b
wru,2,-0.106,0.33,-25,-94*a9
wru,3,-0.108,0.32,-25,-86*62
wrx,77.38,0.011,0.010,-0.090,0.001,0.29,y,0*ec
wrt,0.32,0.33,0.34,0.33*74
wrz,0.011,0.010,-0.090,y,0.29,0.001,1.1033141618099762e-06;2.696859269235574e-07;-2.0729964944621315e-07;2.696859269235574e-07;1.0405140073999064e-06;-1.7273420027663633e-08;-2.0729964944621315e-07;-1.7273420027663633e-08;9.135501954915526e-07,1550139853405685,1550139853598573,77.38,0*50
wru,0,-0.085,0.32,-27,-92*10
wru,1,-0.088,0.33,-27,-99*d9
wru,2,-0.084,0.34,-27,-94*79
wru,3,-0.077,0.33,-31,-86*35
wrp,1550139853.517,-4.23,0.39,7.57,3.1,88.1,34.3,99.5,0*35
wrx,76.97,0.017,0.012,-0.070,0.001,0.29,y,0*ee
wrt,0.33,0.33,0.34,0.33*76
wrz,0.017,0.012,-0.070,y,0.29,0.001,9.809588163989247e-07;2.036595674326236e-07;-1.356201408952984e-07;2.036595674326236e-07;1.3293763458932517e-06;-2.85436954072793e-07;-1.356201408952984e-07;-2.85436954072793e-07;5.878248430235544e-07,1550139853483072,1550139853599829,76.97,0*d2
wru,0,-0.065,0.33,-26,-90*01
wru,1,-0.073,0.33,-26,-98*18
wru,2,-0.062,0.34,-26,-92*5d
wru,3,-0.056,0.33,-28,-84*e1
wrx,79.75,0.017,0.006,-0.072,0.001,0.30,y,0*72
wrt,0.33,0.34,0.35,0.34*17
wrz,0.017,0.006,-0.072,y,0.30,0.001,1.237374021911819e-06;7.897904907849806e-08;-6.728244983378318e-08;7.897904907849806e-08;1.3309256701177219e-06;8.388248318169644e-08;-6.728244983378318e-08;8.388248318169644e-08;6.403709562619042e-07,1550139853560048,1550139853718648,79.75,0*d1
wru,0,-0.070,0.33,-26,-91*cb
wru,1,-0.073,0.34,-26,-99*77
wru,2,-0.064,0.35,-28,-93*21
wru,3,-0.061,0.34,-26,-85*b1
wrx,82.96,0.011,0.005,-0.083,0.001,0.32,y,0*1e
wrt,0.35,0.35,0.37,0.37*5f
wrz,0.011,0.005,-0.083,y,0.32,0.001,7.284556886588689e-07;-2.9933584499985955e-08;-1.4694720107399917e-07;-2.9933584499985955e-08;8.081207170107518e-07;5.8369444388972624e-08;-1.4694720107399917e-07;5.8369444388972624e-08;7.673507411709579e-07,1550139853639804,1550139853838556,82.96,0*54
wru,0,-0.081,0.35,-26,-91*8e
wru,1,-0.081,0.35,-27,-98*17
wru,2,-0.076,0.37,-32,-93*5f
wru,3,-0.072,0.37,-35,-85*28
wrp,1550139853.747,-4.25,0.39,7.58,3.1,87.0,33.3,98.0,0*ac
wrx,82.20,0.004,-0.007,-0.075,0.001,0.31,y,0*2a
wrt,0.35,0.35,0.35,0.37*0d
wrz,0.004,-0.007,-0.075,y,0.31,0.001,1.0333267255191458e-06;-3.211261514479702e-07;-1.386531209845998e-07;-3.211261514479702e-07;1.0525610605327529e-06;1.692744007186775e-07;-1.386531209845998e-07;1.692744007186775e-07;6.54692144053115e-07,1550139853722765,1550139853839914,82.20,0*48
wru,0,-0.073,0.35,-25,-91*54
wru,1,-0.068,0.35,-26,-98*a9
wru,2,-0.066,0.35,-32,-94*0d
wru,3,-0.070,0.37,-32,-86*c5
wrx,77.73,0.006,-0.013,-0.039,0.001,0.33,y,0*e1
wrt,0.37,0.37,0.38,0.38*d8
wrz,0.006,-0.013,-0.039,y,0.33,0.001,7.182341619227373e-07;-1.9084642133293528e-07;-2.519401220979489e-08;-1.9084642133293528e-07;8.003248694876675e-07;1.148581603160892e-07;-2.519401220979489e-08;1.148581603160892e-07;2.153244906821783e-07,1550139853804961,1550139853958718,77.73,0*92
wru,0,-0.041,0.37,-26,-89*38
wru,1,-0.034,0.37,-27,-95*d5
wru,2,-0.031,0.38,-28,-89*4e
wru,3,-0.038,0.38,-33,-83*f2
wrx,78.17,0.003,-0.009,-0.011,0.001,0.32,y,0*5e
wrt,0.37,0.37,0.37,0.35*6b
wrz,0.003,-0.009,-0.011,y,0.32,0.001,9.906727882480482e-07;1.0328892408040247e-08;-5.377936762585023e-09;1.0328892408040247e-08;1.0420782246001181e-06;7.270593016528437e-08;-5.377936762585023e-09;7.270593016528437e-08;1.0175222087127622e-07,1550139853882696,1550139854078528,78.17,0*f4
wru,0,-0.014,0.37,-25,-90*a3
wru,1,-0.009,0.37,-30,-97*46
wru,2,-0.007,0.37,-26,-91*10
wru,3,-0.012,0.35,-31,-83*f0
wrp,1550139853.968,-4.27,0.40,7.58,3.1,85.2,33.0,96.1,0*69
wrx,75.88,-0.001,-0.014,0.001,0.001,0.32,y,0*7b
wrt,0.37,0.37,0.37,0.37*65
wrz,-0.001,-0.014,0.001,y,0.32,0.001,1.046427541950834e-06;-5.259490265530076e-08;-2.9674570356519325e-08;-5.259490265530076e-08;1.0818405371537665e-06;4.7525791302405196e-08;-2.9674570356519325e-08;4.7525791302405196e-08;9.176438453550873e-08,1550139853960867,1550139854079835,75.88,0*8e
wru,0,-0.003,0.37,-25,-90*a3
wru,1,0.005,0.37,-28,-97*ce
wru,2,0.004,0.37,-25,-91*b9
wru,3,-0.003,0.37,-26,-83*52
wrx,79.09,-0.009,-0.019,0.002,0.001,0.32,y,0*cf
wrt,0.37,0.37,0.37,0.37*65
wrz,-0.009,-0.019,0.002,y,0.32,0.001,1.0920427939709043e-06;-1.8800947998443007e-07;2.2947720168531305e-08;-1.8800947998443007e-07;1.1275368478891323e-06;2.982281799290831e-08;2.2947720168531305e-08;2.982281799290831e-08;9.130771161380835e-08,1550139854036757,1550139854198623,79.09,0*f3
wru,0,-0.001,0.37,-25,-89*44
wru,1,0.010,0.37,-26,-98*7c
wru,2,0.005,0.37,-26,-91*fa
wru,3,-0.005,0.37,-25,-83*a4
wrx,80.86,0.001,0.004,0.035,0.001,0.32,y,0*f1
wrt,0.37,0.35,0.37,0.37*5b
wrz,0.001,0.004,0.035,y,0.32,0.001,1.03908075743675e-06;8.682748386945605e-08;2.267529941590851e-09;8.682748386945605e-08;1.1274563576080254e-06;1.052586853234061e-07;2.267529941590851e-09;1.052586853234061e-07;2.1519340975828527e-07,1550139854115838,1550139854318308,80.86,0*ca
wru,0,0.032,0.37,-25,-89*44
wru,1,0.031,0.35,-26,-96*2c
wru,2,0.031,0.37,-27,-91*dd
wru,3,0.034,0.37,-26,-83*f0
wrp,1550139854.193,-4.29,0.40,7.57,3.1,85.8,33.9,97.6,0*35
wrx,80.70,0.017,0.025,0.065,0.001,0.31,y,0*18
wrt,0.35,0.35,0.35,0.37*0d
wrz,0.017,0.025,0.065,y,0.31,0.001,1.32139075503801e-06;-4.796241981352978e-08;7.785948241689766e-08;-4.796241981352978e-08;1.4345527006298653e-06;2.666140517249005e-07;7.785948241689766e-08;2.666140517249005e-07;5.517939598576049e-07,1550139854196698,1550139854319611,80.70,0*f0
wru,0,0.062,0.35,-27,-91*30
wru,1,0.050,0.35,-27,-96*1c
wru,2,0.058,0.35,-26,-93*2c
wru,3,0.073,0.37,-25,-85*2b
wrx,78.78,0.010,0.019,0.059,0.001,0.31,y,0*a4
wrt,0.35,0.35,0.35,0.35*03
wrz,0.010,0.019,0.059,y,0.31,0.001,1.0763515092548914e-06;-1.7210557246016833e-07;1.3060421188981763e-08;-1.7210557246016833e-07;1.1678530427161604e-06;2.0600460004516208e-07;1.3060421188981763e-08;2.0600460004516208e-07;4.4779611130252306e-07,1550139854277403,1550139854438533,78.78,0*40
wru,0,0.056,0.35,-25,-91*b1
wru,1,0.047,0.35,-27,-98*36
wru,2,0.052,0.35,-29,-92*eb
wru,3,0.063,0.35,-25,-84*6b
wrp,1550139854.393,-4.29,0.40,7.57,3.1,86.1,33.2,97.6,0*f0
wrx,78.91,0.003,0.008,0.062,0.001,0.31,y,0*e7
wrt,0.35,0.34,0.35,0.35*1c
wrz,0.003,0.008,0.062,y,0.31,0.001,1.056358541973168e-06;4.371439104033925e-07;-6.073319980259839e-08;4.371439104033925e-07;9.903473028316512e-07;7.192517159637646e-08;-6.073319980259839e-08;7.192517159637646e-08;4.6189637714633136e-07,1550139854356179,1550139854558306,78.91,0*2f
wru,0,0.059,0.35,-25,-90*3e
wru,1,0.054,0.34,-27,-98*d2
wru,2,0.056,0.35,-28,-92*14
wru,3,0.060,0.35,-25,-84*43
wrx,80.69,-0.005,-0.005,0.085,0.001,0.30,y,0*ac
wrt,0.34,0.34,0.34,0.35*37
wrz,-0.005,-0.005,0.085,y,0.30,0.001,9.999284884543158e-07;9.948354318112251e-08;-1.7972821453327015e-08;9.948354318112251e-08;1.1390418421797222e-06;7.307942695433667e-08;-1.7972821453327015e-08;7.307942695433667e-08;8.317746278407867e-07,1550139854435083,1550139854559393,80.69,0*27
wru,0,0.080,0.34,-26,-90*e5
wru,1,0.082,0.34,-26,-98*3c
wru,2,0.080,0.34,-27,-92*d1
wru,3,0.076,0.35,-27,-83*77
wrx,83.25,-0.005,0.001,0.094,0.001,0.29,y,0*37
wrt,0.33,0.34,0.33,0.33*f4
wrz,-0.005,0.001,0.094,y,0.29,0.001,8.733467211641255e-07;-8.455145916741458e-08;4.13001828292181e-08;-8.455145916741458e-08;8.792907806309813e-07;9.667520828315901e-08;4.13001828292181e-08;9.667520828315901e-08;9.657911732574576e-07,1550139854515763,1550139854678685,83.25,0*05
wru,0,0.089,0.33,-26,-89*7f
wru,1,0.088,0.34,-26,-96*e6
wru,2,0.086,0.33,-26,-91*82
wru,3,0.085,0.33,-28,-83*cf
wrp,1550139854.617,-4.28,0.40,7.58,3.1,86.6,34.0,97.5,0*f6
wrx,82.36,-0.017,-0.009,0.091,0.001,0.28,y,0*ce
wrt,0.32,0.32,0.33,0.32*b3
wrz,-0.017,-0.009,0.091,y,0.28,0.001,8.800054729363183e-07;1.1723453496870206e-07;-1.8609976848438237e-07;1.1723453496870206e-07;8.545733862774796e-07;-5.706039019059972e-08;-1.8609976848438237e-07;-5.706039019059972e-08;8.803847890703764e-07,1550139854599006,1550139854798364,82.36,0*d7
wru,0,0.085,0.32,-25,-89*00
wru,1,0.090,0.32,-29,-94*41
wru,2,0.081,0.33,-26,-90*30
wru,3,0.076,0.32,-27,-83*1f
wrx,77.56,-0.021,0.003,0.109,0.001,0.28,y,0*01
wrt,0.32,0.31,0.32,0.32*bb
wrz,-0.021,0.003,0.109,y,0.28,0.001,1.3017115634283982e-06;-3.1770196073921397e-07;-1.8178445770899998e-07;-3.1770196073921397e-07;1.400001679030538e-06;-9.781438592426639e-08;-1.8178445770899998e-07;-9.781438592426639e-08;1.3407460528469528e-06,1550139854681362,1550139854799269,77.56,0*30
wru,0,0.109,0.32,-25,-90*3b
wru,1,0.107,0.31,-28,-97*10
wru,2,0.095,0.32,-26,-92*6f
wru,3,0.098,0.32,-25,-84*a7
wrx,78.39,-0.022,0.008,0.114,0.001,0.27,y,0*06
wrt,0.31,0.31,0.31,0.31*cf
wrz,-0.022,0.008,0.114,y,0.27,0.001,1.2998132206121227e-06;-1.771627182733937e-07;-1.750554048385311e-07;-1.771627182733937e-07;1.1956677781199687e-06;1.264740490114491e-07;-1.750554048385311e-07;1.264740490114491e-07;1.4483991890301695e-06,1550139854758914,1550139854928786,78.39,0*a7
wru,0,0.116,0.31,-25,-90*8d
wru,1,0.111,0.31,-26,-98*8a
wru,2,0.099,0.31,-27,-91*2f
wru,3,0.103,0.31,-24,-83*4a
wrp,1550139854.842,-4.26,0.41,7.58,3.1,86.8,34.4,97.3,0*51
wrx,78.46,-0.012,0.013,0.098,0.001,0.26,y,0*12
wrt,0.30,0.30,0.31,0.30*d5
wrz,-0.012,0.013,0.098,y,0.26,0.001,1.2749121651722817e-06;-9.607695972135843e-08;-1.47779758208344e-07;-9.607695972135843e-08;1.273732209483569e-06;1.4641148027294548e-07;-1.47779758208344e-07;1.4641148027294548e-07;1.0423314051877242e-06,1550139854837299,1550139855048528,78.46,0*35
wru,0,0.096,0.30,-26,-91*e4
wru,1,0.089,0.30,-27,-98*a8
wru,2,0.083,0.31,-25,-93*a0
wru,3,0.089,0.30,-27,-85*c6
wrx,74.81,-0.017,-0.009,0.060,0.001,0.25,y,0*ab
wrt,0.28,0.30,0.30,0.28*cf
wrz,-0.017,-0.009,0.060,y,0.25,0.001,8.477321102873248e-07;1.4334790421344223e-07;-7.676349156326978e-08;1.4334790421344223e-07;9.782982033357257e-07;5.872126962458424e-08;-7.676349156326978e-08;5.872126962458424e-08;4.5056265207676915e-07,1550139854915765,1550139855049219,74.81,0*df
wru,0,0.059,0.28,-27,-89*e3
wru,1,0.063,0.30,-27,-98*5c
wru,2,0.054,0.30,-26,-91*18
wru,3,0.048,0.28,-26,-83*93
wrx,81.17,-0.012,-0.014,0.059,0.001,0.25,y,0*15
wrt,0.28,0.28,0.31,0.28*43
wrz,-0.012,-0.014,0.059,y,0.25,0.001,1.3633051594297285e-06;-6.270009293984913e-07;4.1954230312057916e-08;-6.270009293984913e-07;1.2488113725339645e-06;-2.6366389960230663e-08;4.1954230312057916e-08;-2.6366389960230663e-08;4.506727293573931e-07,1550139854990563,1550139855168711,81.17,0*c3
wru,0,0.055,0.28,-28,-89*73
wru,1,0.063,0.28,-26,-97*ba
wru,2,0.055,0.31,-29,-90*b3
wru,3,0.049,0.28,-25,-82*d7
wrp,1550139855.092,-4.24,0.41,7.58,3.1,88.1,35.8,100.8,0*eb
wrx,83.03,-0.000,-0.010,0.083,0.001,0.24,y,0*fb
wrt,0.27,0.27,0.30,0.28*d1
wrz,-0.000,-0.010,0.083,y,0.24,0.001,8.404223308389192e-07;-1.3695525069579162e-07;2.331698745194899e-08;-1.3695525069579162e-07;8.60428201576724e-07;-4.5178598639949996e-08;2.331698745194899e-08;-4.5178598639949996e-08;7.556917012152553e-07,1550139855071726,1550139855294568,83.03,0*73
wru,0,0.074,0.27,-26,-89*00
wru,1,0.079,0.27,-27,-97*34
wru,2,0.079,0.30,-25,-92*9f
wru,3,0.074,0.28,-25,-83*4d
wrx,76.00,0.010,0.004,0.095,0.001,0.24,y,0*b3
wrt,0.27,0.26,0.28,0.28*5e
wrz,0.010,0.004,0.095,y,0.24,0.001,1.1864949556184001e-06;3.0842571163702814e-07;-2.5633825728732518e-08;3.0842571163702814e-07;1.078360924111621e-06;9.57101065068855e-08;-2.5633825728732518e-08;9.57101065068855e-08;9.651899972595857e-07,1550139855154755,1550139855296945,76.00,0*9f
wru,0,0.084,0.27,-24,-89*75
wru,1,0.083,0.26,-28,-93*20
wru,2,0.087,0.28,-26,-89*68
wru,3,0.090,0.28,-26,-83*72
wrx,79.79,0.002,-0.009,0.088,0.001,0.23,y,0*5c
wrt,0.26,0.26,0.28,0.27*71
wrz,0.002,-0.009,0.088,y,0.23,0.001,1.0746952057161252e-06;2.1297157815070022e-08;-3.762025713172079e-08;2.1297157815070022e-08;1.1528200047905557e-06;2.529566778264325e-08;-3.762025713172079e-08;2.529566778264325e-08;8.596578027209034e-07,1550139855230741,1550139855418593,79.79,0*03
wru,0,0.078,0.26,-25,-89*7f
wru,1,0.082,0.26,-26,-94*82
wru,2,0.083,0.28,-27,-90*bd
wru,3,0.078,0.27,-25,-83*44
wrp,1550139855.292,-4.22,0.41,7.58,3.1,88.5,35.3,100.4,0*4f
wrx,78.42,0.004,-0.010,0.069,0.001,0.22,y,0*0a
wrt,0.25,0.26,0.27,0.26*e0
wrz,0.004,-0.010,0.069,y,0.22,0.001,1.3386504633672303e-06;1.2147835093401227e-07;7.845833494002363e-08;1.2147835093401227e-07;1.4349683397085755e-06;4.432915545748983e-08;7.845833494002363e-08;4.432915545748983e-08;5.985367579341982e-07,1550139855310539,1550139855419800,78.42,0*90
wru,0,0.060,0.25,-27,-93*9b
wru,1,0.065,0.26,-25,-99*b6
wru,2,0.068,0.27,-30,-94*19
wru,3,0.061,0.26,-26,-87*ea
wrx,83.61,-0.008,-0.014,0.072,0.001,0.22,y,0*43
wrt,0.25,0.26,0.25,0.26*b2
wrz,-0.008,-0.014,0.072,y,0.22,0.001,1.427903953299392e-06;-3.3144360145342944e-07;-1.707406305229142e-08;-3.3144360145342944e-07;1.640350888010289e-06;6.097960181250528e-08;-1.707406305229142e-08;6.097960181250528e-08;6.602961093449267e-07,1550139855388937,1550139855538483,83.61,0*b8
wru,0,0.066,0.25,-25,-89*2c
wru,1,0.073,0.26,-27,-96*ba
wru,2,0.070,0.25,-29,-91*2a
wru,3,0.060,0.26,-25,-83*b5
wrp,1550139855.545,-4.20,0.42,7.58,3.1,86.4,35.6,100.2,0*5e
wrx,86.17,0.007,0.019,0.100,0.001,0.22,y,0*d2
wrt,0.25,0.25,0.25,0.26*93
wrz,0.007,0.019,0.100,y,0.22,0.001,9.690054412203608e-07;-3.4170560070378997e-07;5.3619142903471584e-08;-3.4170560070378997e-07;1.0560406735748984e-06;2.582311537935311e-07;5.3619142903471584e-08;2.582311537935311e-07;1.0939347703242674e-06,1550139855472553,1550139855658972,86.17,0*55
wru,0,0.099,0.25,-24,-89*77
wru,1,0.086,0.25,-28,-96*c8
wru,2,0.091,0.25,-26,-91*fb
wru,3,0.099,0.26,-26,-84*6f
wrx,79.01,-0.002,0.007,0.108,0.001,0.20,y,0*4f
wrt,0.24,0.24,0.24,0.24*a9
wrz,-0.002,0.007,0.108,y,0.20,0.001,1.7064838857550058e-06;1.0389202032001776e-07;-8.048311173070033e-08;1.0389202032001776e-07;1.7842062334239017e-06;-4.4808846411115155e-08;-8.048311173070033e-08;-4.4808846411115155e-08;1.311218397859193e-06,1550139855558714,1550139855778550,79.01,0*91
wru,0,0.102,0.24,-25,-88*7a
wru,1,0.098,0.24,-25,-93*86
wru,2,0.097,0.24,-26,-90*d5
wru,3,0.101,0.24,-26,-83*b1
wrx,80.84,0.000,-0.021,0.110,0.002,0.19,y,0*ca
wrt,0.22,0.22,0.22,0.24*11
wrz,0.000,-0.021,0.110,y,0.19,0.002,1.8178325262852013e-06;3.526049283664179e-07;-1.0481737433565286e-07;3.526049283664179e-07;1.967808202607557e-06;-4.084934630554926e-07;-1.0481737433565286e-07;-4.084934630554926e-07;1.404464910592651e-06,1550139855637715,1550139855779179,80.84,0*c5
wru,0,0.097,0.22,-25,-90*3a
wru,1,0.109,0.22,-26,-97*cc
wru,2,0.109,0.22,-26,-92*a3
wru,3,0.097,0.24,-26,-84*f0
wrp,1550139855.767,-4.18,0.42,7.58,3.1,85.1,36.0,99.3,0*cb
wrx,81.86,0.005,-0.005,0.127,0.002,0.18,y,0*e8
wrt,0.21,0.21,0.21,0.22*5f
wrz,0.005,-0.005,0.127,y,0.18,0.002,2.0345146367617417e-06;5.99008558310743e-07;2.251420738730303e-07;5.99008558310743e-07;2.2030385480320547e-06;-3.0395008820960356e-07;2.251420738730303e-07;-3.0395008820960356e-07;1.8132640207113582e-06,1550139855717388,1550139855899253,81.86,0*59
wru,0,0.115,0.21,-26,-90*6b
wru,1,0.118,0.21,-25,-96*b6
wru,2,0.120,0.21,-26,-92*9d
wru,3,0.118,0.22,-25,-84*7e
wrx,78.33,0.011,0.031,0.129,0.002,0.18,y,0*94
wrt,0.21,0.20,0.20,0.21*60
wrz,0.011,0.031,0.129,y,0.18,0.002,1.7427503280487144e-06;1.2392446535614e-07;1.1357852258697676e-07;1.2392446535614e-07;1.8266505321662407e-06;4.1581580489946646e-07;1.1357852258697676e-07;4.1581580489946646e-07;1.7727542171996902e-06,1550139855800404,1550139855900222,78.33,0*23
wru,0,0.123,0.21,-27,-89*ab
wru,1,0.107,0.20,-26,-97*53
wru,2,0.112,0.20,-26,-90*ff
wru,3,0.129,0.21,-25,-82*da
wrx,77.54,-0.014,0.021,0.087,0.001,0.16,y,0*c3
wrt,0.19,0.19,0.20,0.19*65
wrz,-0.014,0.021,0.087,y,0.16,0.001,1.2276652796572307e-06;-7.7375492679721e-09;-7.332282336847129e-08;-7.7375492679721e-09;1.7895850987770245e-06;4.768756980411126e-07;-7.332282336847129e-08;4.768756980411126e-07;9.442557598049461e-07,1550139855878719,1550139856018349,77.54,0*1d
wru,0,0.090,0.19,-26,-90*db
wru,1,0.081,0.19,-27,-99*fa
wru,2,0.072,0.20,-27,-93*21
wru,3,0.086,0.19,-26,-85*44
wrp,1550139855.992,-4.15,0.43,7.58,3.1,87.4,35.3,98.7,0*34
wrx,76.40,-0.015,0.012,0.084,0.002,0.16,y,0*a3
wrt,0.19,0.19,0.20,0.19*65
wrz,-0.015,0.012,0.084,y,0.16,0.002,1.910430228235782e-06;-9.094501933759602e-07;-1.0199656941267676e-07;-9.094501933759602e-07;1.8959469798573991e-06;1.0432737695964533e-07;-1.0199656941267676e-07;1.0432737695964533e-07;8.254688168563007e-07,1550139855956263,1550139856139043,76.40,0*02
wru,0,0.084,0.19,-26,-90*f3
wru,1,0.078,0.19,-28,-95*87
wru,2,0.069,0.20,-26,-92*e4
wru,3,0.077,0.19,-25,-85*b6
wrx,76.41,-0.009,0.032,0.114,0.002,0.15,y,0*8d
wrt,0.18,0.19,0.19,0.18*60
wrz,-0.009,0.032,0.114,y,0.15,0.002,2.2952858671487775e-06;-3.2471754707330547e-07;-2.6102978267772414e-07;-3.2471754707330547e-07;2.277465910083265e-06;4.133949005336035e-07;-2.6102978267772414e-07;4.133949005336035e-07;1.4873891132083372e-06,1550139856032648,1550139856139873,76.41,0*c2
wru,0,0.114,0.18,-26,-89*a4
wru,1,0.100,0.19,-27,-97*84
wru,2,0.093,0.19,-25,-91*0a
wru,3,0.112,0.18,-27,-84*c1
wrx,77.58,-0.010,0.010,0.128,0.002,0.14,y,0*7e
wrt,0.17,0.17,0.18,0.18*ed
wrz,-0.010,0.010,0.128,y,0.14,0.002,3.283265641584876e-06;-9.843970474321395e-07;-5.431311365100555e-07;-9.843970474321395e-07;2.823873273882782e-06;3.406353528134787e-07;-5.431311365100555e-07;3.406353528134787e-07;1.8873827229981543e-06,1550139856108917,1550139856258317,77.58,0*2d
wru,0,0.125,0.17,-26,-86*1d
wru,1,0.117,0.17,-25,-95*9e
wru,2,0.112,0.18,-24,-91*45
wru,3,0.117,0.18,-26,-82*c9
wrp,1550139856.217,-4.14,0.43,7.58,3.1,85.8,35.6,97.7,0*1f
wrx,79.78,-0.011,-0.006,0.120,0.002,0.13,y,0*a5
wrt,0.17,0.15,0.15,0.17*3c
wrz,-0.011,-0.006,0.120,y,0.13,0.002,1.9196427274437156e-06;-4.985913051314128e-07;-2.4540213416912593e-07;-4.985913051314128e-07;1.832399220802472e-06;-9.122210542500397e-08;-2.4540213416912593e-07;-9.122210542500397e-08;1.6075132407422643e-06,1550139856186638,1550139856378574,79.78,0*69
wru,0,0.114,0.17,-26,-89*0d
wru,1,0.115,0.15,-27,-96*6c
wru,2,0.111,0.15,-28,-90*a7
wru,3,0.106,0.17,-26,-83*37
wrx,82.96,-0.007,-0.002,0.123,0.001,0.12,y,0*fc
wrt,0.15,0.14,0.14,0.15*00
wrz,-0.007,-0.002,0.123,y,0.12,0.001,1.6324127045663772e-06;-4.5792691594215285e-07;-2.7946745717599697e-07;-4.5792691594215285e-07;1.364728973385354e-06;2.747575145178871e-08;-2.7946745717599697e-07;2.747575145178871e-08;1.6684278989487211e-06,1550139856266403,1550139856379506,82.96,0*1d
wru,0,0.116,0.15,-25,-90*be
wru,1,0.117,0.14,-26,-98*90
wru,2,0.113,0.14,-28,-91*14
wru,3,0.112,0.15,-26,-83*ed
wrx,86.14,-0.005,-0.005,0.126,0.001,0.11,y,0*b0
wrt,0.14,0.13,0.13,0.14*87
wrz,-0.005,-0.005,0.126,y,0.11,0.001,1.9716219412657665e-06;-2.1457566390381544e-07;-1.8789586420098203e-07;-2.1457566390381544e-07;1.9836888895952143e-06;-1.9721790067706024e-07;-1.8789586420098203e-07;-1.9721790067706024e-07;1.7765772781785927e-06,1550139856349324,1550139856498319,86.14,0*ed
wru,0,0.117,0.14,-26,-89*ae
wru,1,0.120,0.13,-26,-94*b1
wru,2,0.117,0.13,-26,-90*b4
wru,3,0.114,0.14,-28,-83*96
wrp,1550139856.442,-4.11,0.44,7.59,3.1,83.9,35.1,96.9,0*c4
wrx,76.52,-0.000,-0.005,0.115,0.001,0.10,y,0*3d
wrt,0.13,0.13,0.12,0.12*b2
wrz,-0.000,-0.005,0.115,y,0.10,0.001,1.6750591385061853e-06;1.5297767674837814e-07;-7.346795172225029e-09;1.5297767674837814e-07;1.6875925439308048e-06;-2.476674509921395e-08;-7.346795172225029e-09;-2.476674509921395e-08;1.4636174228144228e-06,1550139856435490,1550139856618665,76.52,0*19
wru,0,0.106,0.13,-29,-86*8b
wru,1,0.107,0.13,-28,-94*3b
wru,2,0.108,0.12,-26,-89*da
wru,3,0.103,0.12,-29,-82*e2
wrx,84.76,-0.003,-0.031,0.110,0.001,0.09,y,0*8e
wrt,0.12,0.12,0.12,0.11*a6
wrz,-0.003,-0.031,0.110,y,0.09,0.001,1.0351943728892365e-06;1.9074963120147004e-07;9.129711209254765e-09;1.9074963120147004e-07;1.3135581866663415e-06;-1.9326002131947462e-07;9.129711209254765e-09;-1.9326002131947462e-07;1.3020460301049752e-06,1550139856512001,1550139856619625,84.76,0*25
wru,0,0.094,0.12,-26,-85*02
wru,1,0.110,0.12,-27,-95*75
wru,2,0.109,0.12,-26,-91*12
wru,3,0.091,0.11,-28,-82*c2
wrp,1550139856.643,-4.09,0.45,7.59,3.1,84.5,35.7,97.9,0*12
wrx,81.38,0.011,-0.016,0.109,0.001,0.08,y,0*d1
wrt,0.11,0.11,0.11,0.11*fa
wrz,0.011,-0.016,0.109,y,0.08,0.001,1.9973854250565637e-06;-1.3447915137021482e-07;-1.2835940310651495e-07;-1.3447915137021482e-07;1.7145077890745597e-06;-2.5041046569640457e-07;-1.2835940310651495e-07;-2.5041046569640457e-07;1.3279779977892758e-06,1550139856596747,1550139856738858,81.38,0*f0
wru,0,0.092,0.11,-26,-87*d7
wru,1,0.101,0.11,-26,-93*de
wru,2,0.106,0.11,-25,-91*b7
wru,3,0.098,0.11,-28,-82*1a
wrx,80.16,0.010,-0.018,0.087,0.002,0.07,y,0*e1
wrt,0.09,0.09,0.09,0.09*fc
wrz,0.010,-0.018,0.087,y,0.07,0.002,3.7889265058765886e-06;6.770792992938368e-07;-4.897521534985572e-07;6.770792992938368e-07;2.754767365331645e-06;-9.697372149730654e-08;-4.897521534985572e-07;-9.697372149730654e-08;1.0680588502509636e-06,1550139856678124,1550139856858522,80.16,0*58
wru,0,0.073,0.09,-26,-87*9f
wru,1,0.082,0.09,-25,-93*48
wru,2,0.088,0.09,-28,-89*1b
wru,3,0.078,0.09,-26,-81*ec
wrx,76.88,0.008,-0.015,0.069,0.002,0.07,y,0*82
wrt,0.08,0.09,0.08,0.09*d7
wrz,0.008,-0.015,0.069,y,0.07,0.002,3.0680889722134452e-06;4.808975404557714e-07;-2.4473584403494897e-07;4.808975404557714e-07;3.0602814149460755e-06;1.840598713442887e-07;-2.4473584403494897e-07;1.840598713442887e-07;7.884715955697175e-07,1550139856758278,1550139856859455,76.88,0*01
wru,0,0.058,0.08,-27,-90*fc
wru,1,0.068,0.09,-27,-95*6a
wru,2,0.072,0.08,-26,-89*71
wru,3,0.064,0.09,-26,-85*e5
wrp,1550139856.892,-4.06,0.45,7.58,3.1,84.4,35.6,98.7,0*85
wrx,80.53,0.007,-0.019,0.073,0.001,0.06,y,0*55
wrt,0.08,0.08,0.08,0.08*cf
wrz,0.007,-0.019,0.073,y,0.06,0.001,1.885412871160952e-06;6.643146122087273e-08;-1.1390531540200755e-07;6.643146122087273e-08;2.0520337784546427e-06;9.400487499533483e-08;-1.1390531540200755e-07;9.400487499533483e-08;7.216640369733796e-07,1550139856835149,1550139856978995,80.53,0*ea
wru,0,0.059,0.08,-25,-89*f7
wru,1,0.071,0.08,-25,-97*b4
wru,2,0.074,0.08,-26,-91*0c
wru,3,0.065,0.08,-26,-84*7e
wrx,80.33,0.005,0.019,0.084,0.002,0.06,y,0*bb
wrt,0.08,0.08,0.07,0.08*5f
wrz,0.005,0.019,0.084,y,0.06,0.002,2.405927943982533e-06;-4.089721699074289e-07;1.8140332258553826e-07;-4.089721699074289e-07;2.379990519330022e-06;2.432506676086632e-07;1.8140332258553826e-07;2.432506676086632e-07;9.155514248959662e-07,1550139856915686,1550139857098347,80.33,0*6c
wru,0,0.081,0.08,-27,-88*d5
wru,1,0.072,0.08,-26,-94*33
wru,2,0.074,0.07,-26,-91*a5
wru,3,0.085,0.08,-27,-80*04
wrx,80.54,-0.003,0.020,0.080,0.001,0.05,y,0*88
wrt,0.08,0.07,0.07,0.07*d7
wrz,-0.003,0.020,0.080,y,0.05,0.001,1.9122039702779148e-06;-2.0077344231594907e-07;1.2606649590907182e-07;-2.0077344231594907e-07;1.820804413910082e-06;1.5975277278812428e-07;1.2606649590907182e-07;1.5975277278812428e-07;7.878537644501193e-07,1550139856995990,1550139857099292,80.54,0*72
wru,0,0.080,0.08,-27,-89*37
wru,1,0.068,0.07,-25,-90*65
wru,2,0.069,0.07,-27,-90*30
wru,3,0.076,0.07,-25,-82*fe
wrp,1550139857.117,-4.04,0.44,7.58,3.1,83.9,33.8,97.6,0*07
wrx,77.97,-0.015,-0.002,0.083,0.001,0.04,y,0*38
wrt,0.07,0.06,0.06,0.06*f8
wrz,-0.015,-0.002,0.083,y,0.04,0.001,1.4977442788222106e-06;4.0899033137975493e-07;-1.4955958249629475e-07;4.0899033137975493e-07;1.556166353111621e-06;-1.2063877363743813e-07;-1.4955958249629475e-07;-1.2063877363743813e-07;8.366549764105002e-07,1550139857076539,1550139857219233,77.97,0*9d
wru,0,0.081,0.07,-29,-92*0d
wru,1,0.084,0.06,-25,-92*b6
wru,2,0.074,0.06,-26,-93*d2
wru,3,0.074,0.06,-26,-86*f0
wrx,79.32,-0.026,-0.016,0.096,0.002,0.04,y,0*89
wrt,0.06,0.06,0.06,0.06*fa
wrz,-0.026,-0.016,0.096,y,0.04,0.002,2.4637056412757374e-06;-8.641017075206037e-07;-2.7575021022130386e-07;-8.641017075206037e-07;2.4438861601083772e-06;-2.213764105363225e-07;-2.7575021022130386e-07;-2.213764105363225e-07;1.1066720162489219e-06,1550139857154509,1550139857338591,79.32,0*17
wru,0,0.091,0.06,-26,-87*ff
wru,1,0.100,0.06,-25,-89*be
wru,2,0.086,0.06,-27,-89*ef
wru,3,0.078,0.06,-27,-83*29
wrx,79.24,-0.035,-0.003,0.186,0.002,0.09,y,0*19
wrt,0.12,0.11,0.11,0.11*fc
wrz,-0.035,-0.003,0.186,y,0.09,0.002,2.990409939229721e-06;7.274675795088115e-07;-9.268362077818892e-07;7.274675795088115e-07;3.030328116437886e-06;2.9438695037242724e-07;-9.268362077818892e-07;2.9438695037242724e-07;3.782431122090202e-06,1550139857233865,1550139857339477,79.24,0*19
wru,0,0.178,0.12,-36,-87*83
wru,1,0.186,0.11,-36,-89*d2
wru,2,0.164,0.11,-42,-91*12
wru,3,0.167,0.11,-36,-82*5a
wrp,1550139857.317,-4.02,0.45,7.59,3.1,85.3,33.9,97.4,0*0a
wrx,78.21,-0.001,0.130,0.109,0.003,0.21,y,0*71
wrt,0.09,0.55,0.55,0.09*17
wrz,-0.001,0.130,0.109,y,0.21,0.003,4.0687605178391095e-06;2.7932216539738874e-07;-1.2160249696080427e-07;2.7932216539738874e-07;6.1132113842177205e-06;1.0752991101981024e-06;-1.2160249696080427e-07;1.0752991101981024e-06;1.5947772453728248e-06,1550139857313200,1550139857458936,78.21,0*dd
wru,0,0.139,0.09,-43,-87*ac
wru,1,0.063,0.55,-49,-95*36
wru,2,0.069,0.55,-60,-90*80
wru,3,0.135,0.09,-38,-80*0d
wrx,78.78,0.048,0.087,0.093,0.004,-1.00,n,0*98
wrt,0.55,0.55,0.55,0.08*3e
wrz,0.048,0.087,0.093,n,-1.00,0.004,1.0934903912129812e-05;-8.685068678460084e-06;1.4328436748201057e-07;-8.685068678460084e-06;1.1144391464767978e-05;8.952483767643571e-07;1.4328436748201057e-07;8.952483767643571e-07;1.0829843404280837e-06,1550139857391695,1550139857578595,78.78,0*e1
wru,0,0.059,0.55,-59,-86*07
wru,1,0.051,0.55,-47,-97*7f
wru,2,0.062,0.55,-62,-90*51
wru,3,0.122,0.08,-32,-81*ae
wrp,1550139857.517,-4.00,0.45,7.59,3.1,84.1,32.2,97.7,0*4f
wrx,84.63,0.044,0.073,0.086,0.005,-1.00,n,0*de
wrt,0.54,0.55,0.55,0.13*18
wrz,0.044,0.073,0.086,n,-1.00,0.005,2.2829786757938564e-05;-2.821043608491891e-06;5.565560513787204e-06;-2.821043608491891e-06;1.684958624537103e-05;3.908617145498283e-06;5.565560513787204e-06;3.908617145498283e-06;3.288110747234896e-06,1550139857469929,1550139857579864,84.63,0*2b
wru,0,0.079,0.54,-67,-86*3a
wru,1,0.048,0.55,-43,-94*94
wru,2,0.059,0.55,-72,-91*b2
wru,3,0.149,0.13,-61,-84*1e
wrx,107.55,0.012,-0.010,0.054,0.001,0.85,n,0*d5
wrt,1.13,0.55,1.13,0.54*43
wrz,0.012,-0.010,0.054,n,0.85,0.001,4.148687935412454e-07;5.864470153937873e-08;6.197021917841994e-08;5.864470153937873e-08;6.619851546929567e-07;6.376161110210887e-08;6.197021917841994e-08;6.376161110210887e-08;3.382768625215249e-07,1550139857555398,1550139857698433,107.55,0*5d
wru,0,0.047,1.13,-53,-81*fc
wru,1,0.048,0.55,-46,-92*6b
wru,2,0.056,1.13,-59,-89*11
wru,3,0.045,0.54,-65,-82*ee
wrp,1550139857.767,-3.97,0.47,7.62,3.1,84.2,33.0,97.3,0*a5
wrx,111.30,-0.002,0.013,0.061,0.001,-1.00,n,0*ea
wrt,1.13,0.55,1.11,1.12*41
wrz,-0.002,0.013,0.061,n,-1.00,0.001,7.901832645984541e-07;3.1768604458193295e-07;-5.609524933447574e-08;3.1768604458193295e-07;8.14635541246389e-07;1.3007363008910033e-07;-5.609524933447574e-08;1.3007363008910033e-07;4.319896902416076e-07,1550139857664363,1550139857818791,111.30,0*96
wru,0,0.064,1.13,-48,-90*3d
wru,1,0.047,0.55,-59,-98*cc
wru,2,0.054,1.11,-58,-97*73
wru,3,0.053,1.12,-69,-89*47
wrx,107.73,0.014,0.020,0.009,0.001,-1.00,n,0*45
wrt,1.10,0.54,1.12,0.57*7a
wrz,0.014,0.020,0.009,n,-1.00,0.001,1.772536620592291e-06;-4.3063201360382664e-07;-2.0340964113074733e-07;-4.3063201360382664e-07;1.5952140302033513e-06;1.483416696146378e-07;-2.0340964113074733e-07;1.483416696146378e-07;1.5820118903775438e-07,1550139857775655,1550139857938516,107.73,0*6a
wru,0,0.005,1.10,-50,-88*f9
wru,1,0.001,0.54,-58,-94*79
wru,2,0.006,1.12,-55,-91*bc
wru,3,0.019,0.57,-75,-83*84
wrp,1550139857.967,-3.93,0.48,7.64,3.1,84.1,31.9,96.7,0*fb
wrx,107.00,0.009,0.017,0.008,0.001,0.84,n,0*ea
wrt,1.11,0.55,1.12,1.11*37
wrz,0.009,0.017,0.008,n,0.84,0.001,2.2014683054294437e-07;-7.705683202630098e-08;-2.1930805615966165e-08;-7.705683202630098e-08;5.377548291107814e-07;1.3163580092623306e-07;-2.1930805615966165e-08;1.3163580092623306e-07;5.0431289366770216e-08,1550139857881605,1550139858059133,107.00,0*5b
wru,0,-0.007,1.11,-56,-88*f6
wru,1,0.000,0.55,-52,-98*1c
wru,2,0.005,1.12,-59,-90*05
wru,3,0.015,1.11,-72,-84*f3
wrx,109.23,0.002,0.001,-0.000,0.001,0.84,y,0*65
wrt,1.11,0.55,1.12,1.12*3e
wrz,0.002,0.001,-0.000,y,0.84,0.001,3.817786193849315e-07;-3.1252245236146337e-08;-2.1739581246293938e-09;-3.1252245236146337e-08;8.726331657271658e-07;1.9148689034409472e-07;-2.1739581246293938e-09;1.9148689034409472e-07;7.463604845270311e-08,1550139857988957,1550139858178546,109.23,0*15
wru,0,0.001,1.11,-55,-87*dd
wru,1,-0.001,0.55,-49,-97*5a
wru,2,0.000,1.12,-53,-91*a7
wru,3,0.000,1.12,-72,-84*b5
wrp,1550139858.192,-3.96,0.48,7.62,3.1,84.5,31.6,97.0,0*29
wrx,110.12,-0.001,0.019,0.014,0.000,0.85,n,0*24
wrt,1.12,0.55,1.12,1.10*36
wrz,-0.001,0.019,0.014,n,0.85,0.000,9.077198370732731e-08;2.1578163256208427e-08;1.2815116967601625e-08;2.1578163256208427e-08;1.2860060394359607e-07;4.069793035910152e-08;1.2815116967601625e-08;4.069793035910152e-08;2.8917327199451393e-08,1550139858098200,1550139858299156,110.12,0*81
wru,0,0.020,1.12,-55,-89*f4
wru,1,0.007,0.55,-43,-98*e2
wru,2,0.010,1.12,-53,-93*1c
wru,3,0.003,1.10,-74,-86*2a
wrx,114.79,0.012,0.006,-0.005,0.000,0.84,n,0*01
wrt,1.10,0.55,1.13,0.53*50
wrz,0.012,0.006,-0.005,n,0.84,0.000,1.6271262381906126e-07;4.6661291719374276e-08;1.0410738049415613e-08;4.6661291719374276e-08;1.563413434269023e-07;1.5834874744768968e-08;1.0410738049415613e-08;1.5834874744768968e-08;1.6749014619676927e-08,1550139858208319,1550139858418398,114.79,0*f8
wru,0,-0.006,1.10,-51,-88*43
wru,1,-0.010,0.55,-44,-97*fe
wru,2,-0.003,1.13,-59,-92*05
wru,3,-0.001,0.53,-72,-84*1c
wrp,1550139858.393,-3.96,0.48,7.63,3.1,84.3,31.6,97.0,0*36
wrx,111.88,-0.000,0.014,-0.008,0.001,-1.00,n,0*9d
wrt,0.53,0.55,1.12,1.10*da
wrz,-0.000,0.014,-0.008,n,-1.00,0.001,2.2937719279525481e-07;1.4566984418706852e-07;2.079149474809583e-08;1.4566984418706852e-07;2.610879050735093e-07;1.2918726532973324e-08;2.079149474809583e-08;1.2918726532973324e-08;2.018736644515684e-08,1550139858324536,1550139858548521,111.88,0*ba
wru,0,-0.003,0.53,-62,-90*ba
wru,1,-0.011,0.55,-51,-98*f2
wru,2,-0.011,1.12,-59,-92*04
wru,3,-0.008,1.10,-71,-85*14
wrx,128.70,-0.012,-0.021,-0.005,0.001,0.84,n,0*4e
wrt,1.11,0.55,1.12,0.55*69
wrz,-0.012,-0.021,-0.005,n,0.84,0.001,2.049422107575083e-07;1.8246944932798215e-07;1.0445651454915605e-08;1.8246944932798215e-07;3.2980284458972164e-07;4.765947991813846e-08;1.0445651454915605e-08;4.765947991813846e-08;1.641150149112036e-08,1550139858434913,1550139858668503,128.70,0*93
wru,0,-0.008,1.11,-56,-94*4f
wru,1,0.005,0.55,-54,-95*0c
wru,2,-0.003,1.12,-58,-93*19
wru,3,0.002,0.55,-72,-91*e4
wrp,1550139858.642,-3.96,0.48,7.64,3.1,84.3,31.7,97.0,0*44
wrx,106.40,-0.026,0.006,-0.002,0.000,0.84,y,0*d5
wrt,1.11,0.55,1.11,0.55*12
wrz,-0.026,0.006,-0.002,y,0.84,0.000,2.0731135919049848e-07;-1.2190999321148865e-08;-1.3570184975719712e-08;-1.2190999321148865e-08;1.789175456679004e-07;2.9696643366605713e-08;-1.3570184975719712e-08;2.9696643366605713e-08;1.7613379199588053e-08,1550139858563698,1550139858788698,106.40,0*34
wru,0,0.002,1.11,-51,-91*7d
wru,1,0.005,0.55,-51,-98*c2
wru,2,-0.011,1.11,-58,-94*ff
wru,3,-0.005,0.55,-70,-88*70
wrx,106.22,0.005,0.015,-0.002,0.000,0.84,y,0*ed
wrt,1.10,0.55,1.13,1.07*1b
wrz,0.005,0.015,-0.002,y,0.84,0.000,1.1107573527624481e-07;7.70683161732677e-09;9.467389538997395e-09;7.70683161732677e-09;1.2579367592024937e-07;4.545450682513774e-09;9.467389538997395e-09;4.545450682513774e-09;1.0082379375830897e-08,1550139858668374,1550139858909093,106.22,0*05
wru,0,0.002,1.10,-51,-89*29
wru,1,-0.007,0.55,-54,-97*d7
wru,2,-0.004,1.13,-60,-92*b0
wru,3,0.003,1.07,-74,-84*24
wrp,1550139858.842,-3.96,0.47,7.64,3.1,84.4,31.5,97.2,0*dd
wrx,103.97,0.020,-0.006,0.003,0.001,-1.00,n,0*c9
wrt,0.53,0.55,1.13,0.55*aa
wrz,0.020,-0.006,0.003,n,-1.00,0.001,2.915020331784035e-07;4.8216257653166394e-08;1.9588203059583975e-08;4.8216257653166394e-08;5.846943054166331e-07;1.2645885760775855e-07;1.9588203059583975e-08;1.2645885760775855e-07;5.0196238277067096e-08,1550139858777714,1550139858910260,103.97,0*d3
wru,0,-0.002,0.53,-61,-89*d3
wru,1,-0.002,0.55,-48,-96*17
wru,2,0.010,1.13,-59,-92*bf
wru,3,-0.000,0.55,-71,-83*5b
wrx,105.06,-0.010,-0.010,-0.001,0.000,0.85,n,0*88
wrt,1.12,0.55,1.12,1.10*36
wrz,-0.010,-0.010,-0.001,n,0.85,0.000,9.332371320169841e-08;2.3574171947871037e-08;4.367352257617085e-09;2.3574171947871037e-08;1.530537332428139e-07;2.80212919534506e-08;4.367352257617085e-09;2.80212919534506e-08;1.230720769740401e-08,1550139858880308,1550139859028714,105.06,0*f3
wru,0,-0.003,1.12,-54,-91*0e
wru,1,0.006,0.55,-45,-97*61
wru,2,-0.001,1.12,-58,-94*c1
wru,3,-0.001,1.10,-73,-85*08
wrp,1550139859.067,-3.96,0.48,7.64,3.1,84.3,31.3,97.1,0*bb
wrx,105.43,-0.007,0.018,0.002,0.001,-1.00,n,0*5b
wrt,1.11,0.57,1.12,1.11*09
wrz,-0.007,0.018,0.002,n,-1.00,0.001,6.251577246985107e-07;3.886738966230041e-07;6.169356936425174e-08;3.886738966230041e-07;5.252528580967919e-07;2.8734598700452807e-08;6.169356936425174e-08;2.8734598700452807e-08;2.708310553600768e-08,1550139858986783,1550139859148897,105.43,0*d3
wru,0,0.008,1.11,-53,-94*52
wru,1,0.003,0.57,-57,-98*2b
wru,2,-0.007,1.12,-58,-97*98
wru,3,0.263,1.11,-70,-90*68
wrx,107.77,-0.008,0.022,-0.001,0.000,0.84,n,0*ad
wrt,1.10,0.54,1.13,1.12*0a
wrz,-0.008,0.022,-0.001,n,0.84,0.000,1.2472976607114106e-07;2.6798092633839588e-08;2.102512475232743e-08;2.6798092633839588e-08;1.1018021695008429e-07;-9.219754404377056e-10;2.102512475232743e-08;-9.219754404377056e-10;7.728062634271282e-09,1550139859090789,1550139859268714,107.77,0*4e
wru,0,0.007,1.10,-53,-91*b8
wru,1,-0.004,0.54,-53,-97*af
wru,2,-0.008,1.13,-61,-92*72
wru,3,0.003,1.12,-73,-85*f8
wrp,1550139859.292,-3.96,0.48,7.65,3.1,83.9,31.0,97.2,0*bf
wrx,108.56,0.010,0.002,-0.008,0.000,0.84,y,0*60
wrt,1.10,0.55,1.12,1.12*3c
wrz,0.010,0.002,-0.008,y,0.84,0.000,8.477232427139825e-08;-8.675039353533975e-09;-9.790817934174356e-09;-8.675039353533975e-09;1.2618517075679847e-07;2.2266492649691827e-08;-9.790817934174356e-09;2.2266492649691827e-08;1.708819930001937e-08,1550139859198544,1550139859388665,108.56,0*7f
wru,0,-0.008,1.10,-49,-95*28
wru,1,-0.011,0.55,-50,-99*97
wru,2,-0.005,1.12,-55,-97*a1
wru,3,-0.006,1.12,-69,-89*9f
wrx,107.19,0.035,-0.008,-0.020,0.001,0.84,y,0*e9
wrt,1.09,0.55,1.12,0.55*77
wrz,0.035,-0.008,-0.020,y,0.84,0.001,1.0187370662606554e-06;4.200786207775309e-08;-1.2851998576479673e-07;4.200786207775309e-08;1.183545691674226e-06;1.968614213865294e-07;-1.2851998576479673e-07;1.968614213865294e-07;1.4559469718733453e-07,1550139859307123,1550139859508571,107.19,0*fa
wru,0,-0.040,1.09,-60,-93*24
wru,1,-0.023,0.55,-54,-99*0d
wru,2,-0.009,1.12,-59,-98*ba
wru,3,-0.005,0.55,-70,-91*5a
wrx,102.58,-0.004,-0.027,-0.046,0.001,-1.00,n,0*71
wrt,1.12,0.57,1.12,0.53*43
wrz,-0.004,-0.027,-0.046,n,-1.00,0.001,1.5158575195073354e-07;2.5867690212066918e-08;2.654502750942811e-08;2.5867690212066918e-08;3.9164231679933437e-07;1.904919741946287e-07;2.654502750942811e-08;1.904919741946287e-07;2.3579660535233415e-07,1550139859415733,1550139859628691,102.58,0*24
wru,0,-0.047,1.12,-51,-83*bf
wru,1,-0.034,0.57,-56,-96*16
wru,2,-0.036,1.12,-61,-91*b7
wru,3,-0.053,0.53,-68,-85*4d
wrp,1550139859.545,-3.96,0.49,7.65,3.1,84.7,29.3,97.9,0*50
wrx,105.10,-0.008,-0.030,-0.045,0.00
