550140046798452,1550140046998732,81.24,0*56
wru,0,0.001,0.41,-33,-91*f5
wru,1,0.001,0.27,-26,-99*43
wru,2,0.001,0.41,-24,-93*a3
wru,3,0.001,0.40,-28,-85*67
wrx,78.13,-0.002,0.001,-0.001,0.001,0.33,y,0*ee
wrt,0.41,0.27,0.41,0.40*85
wrz,-0.002,0.001,-0.001,y,0.33,0.001,9.987038538383786e-07;-3.081303532326274e-07;1.3551627375818498e-07;-3.081303532326274e-07;9.398962106388353e-07;1.1376823749742471e-07;1.3551627375818498e-07;1.1376823749742471e-07;9.100441644704915e-08,1550140046879698,1550140046999564,78.13,0*77
wru,0,-0.001,0.41,-33,-91*05
wru,1,-0.001,0.27,-26,-98*5c
wru,2,-0.002,0.41,-25,-93*ce
wru,3,-0.002,0.40,-27,-85*b0
wrp,1550140046.944,-7.40,1.00,10.25,9.5,86.5,8.2,95.8,0*4c
wrx,76.70,-0.002,-0.000,-0.002,0.001,0.33,y,0*f6
wrt,0.41,0.27,0.41,0.40*85
wrz,-0.002,-0.000,-0.002,y,0.33,0.001,9.977957233786583e-07;-3.2893495927055483e-07;1.306030696923699e-07;-3.2893495927055483e-07;9.321811376139522e-07;1.0608362543962357e-07;1.306030696923699e-07;1.0608362543962357e-07;8.799122497293865e-08,1550140046957836,1550140047118392,76.70,0*4c
wru,0,-0.001,0.41,-33,-90*02
wru,1,-0.001,0.27,-26,-99*5b
wru,2,-0.002,0.41,-25,-92*c9
wru,3,-0.002,0.40,-27,-84*b7
wrx,77.98,0.001,-0.002,0.000,0.001,0.33,y,0*54
wrt,0.41,0.27,0.41,0.40*85
wrz,0.001,-0.002,0.000,y,0.33,0.001,9.632824458094547e-07;-3.02394596474187e-07;1.220455203565507e-07;-3.02394596474187e-07;9.188502758661343e-07;1.050390494583553e-07;1.220455203565507e-07;1.050390494583553e-07;8.611382185108596e-08,1550140047034527,1550140047238593,77.98,0*49
wru,0,-0.001,0.41,-33,-88*2f
wru,1,0.000,0.27,-26,-97*8c
wru,2,0.001,0.41,-25,-90*c8
wru,3,-0.000,0.40,-27,-82*68
wrp,1550140047.145,-7.40,1.00,10.25,9.5,86.5,8.2,95.8,0*21
wrx,78.59,-0.002,0.001,0.002,0.001,0.33,y,0*cd
wrt,0.41,0.27,0.41,0.40*85
wrz,-0.002,0.001,0.002,y,0.33,0.001,9.686693829280557e-07;-3.458883099938248e-07;1.1475564321017373e-07;-3.458883099938248e-07;9.495022368355421e-07;1.0823354301692234e-07;1.1475564321017373e-07;1.0823354301692234e-07;8.515268490327799e-08,1550140047112517,1550140047239938,78.59,0*35
wru,0,0.003,0.41,-33,-90*3f
wru,1,0.003,0.27,-26,-99*8e
wru,2,0.001,0.41,-25,-92*c6
wru,3,0.002,0.40,-27,-84*78
wrx,82.88,-0.002,0.002,-0.001,0.001,0.33,y,0*29
wrt,0.41,0.27,0.41,0.40*85
wrz,-0.002,0.002,-0.001,y,0.33,0.001,1.0029763188867946e-06;-3.5407450127422635e-07;1.2020487361041887e-07;-3.5407450127422635e-07;1.0053905725726509e-06;1.2091308576600568e-07;1.2020487361041887e-07;1.2091308576600568e-07;8.994964417752271e-08,1550140047191096,1550140047358331,82.88,0*0e
wru,0,0.000,0.41,-33,-90*17
wru,1,-0.000,0.27,-26,-99*be
wru,2,-0.002,0.41,-25,-91*c0
wru,3,-0.001,0.40,-27,-84*9f
wrx,79.38,-0.003,-0.004,-0.004,0.001,0.33,y,0*aa
wrt,0.41,0.27,0.41,0.40*85
wrz,-0.003,-0.004,-0.004,y,0.33,0.001,9.94715037450078e-07;-3.2232779290097824e-07;1.2942524563186453e-07;-3.2232779290097824e-07;9.33715909923194e-07;1.067088462036736e-07;1.2942524563186453e-07;1.067088462036736e-07;8.930122419315012e-08,1550140047273975,1550140047478382,79.38,0*c9
wru,0,-0.005,0.41,-33,-92*91
wru,1,-0.002,0.27,-26,-99*73
wru,2,-0.004,0.41,-25,-93*9e
wru,3,-0.006,0.40,-27,-86*24
wrp,1550140047.349,-7.40,1.00,10.25,9.5,86.6,8.2,96.0,0*0c
wrx,78.24,-0.002,-0.001,-0.002,0.001,0.33,y,0*86
wrt,0.41,0.27,0.41,0.40*85
wrz,-0.002,-0.001,-0.002,y,0.33,0.001,9.964913942894782e-07;-2.616959591250634e-07;1.4169970086186368e-07;-2.616959591250634e-07;8.312079557981633e-07;7.687641101483678e-08;1.4169970086186368e-07;7.687641101483678e-08;8.578171417639169e-08,1550140047353361,1550140047479679,78.24,0*2d
wru,0,-0.002,0.41,-32,-92*46
wru,1,-0.001,0.27,-26,-99*5b
wru,2,-0.002,0.41,-25,-94*db
wru,3,-0.002,0.40,-27,-86*b9
wrx,77.53,-0.001,0.003,0.002,0.001,0.33,y,0*fc
wrt,0.41,0.27,0.41,0.40*85
wrz,-0.001,0.003,0.002,y,0.33,0.001,1.0191571391260368e-06;-3.1140288569986296e-07;1.4292558603301586e-07;-3.1140288569986296e-07;8.82059339346597e-07;9.2294811793181e-08;1.4292558603301586e-07;9.2294811793181e-08;8.794857819793833e-08,1550140047431601,1550140047598579,77.53,0*e5
wru,0,0.003,0.41,-32,-91*5a
wru,1,0.001,0.27,-26,-99*43
wru,2,0.001,0.41,-26,-92*60
wru,3,0.002,0.40,-26,-84*1a
wrp,1550140047.567,-7.40,1.00,10.24,9.5,86.5,8.2,96.0,0*80
wrx,75.72,-0.001,-0.004,-0.001,0.001,0.33,y,0*87
wrt,0.41,0.27,0.41,0.40*85
wrz,-0.001,-0.004,-0.001,y,0.33,0.001,9.973624628401012e-07;-3.139286377518147e-07;1.360693175911365e-07;-3.139286377518147e-07;9.137256711255759e-07;1.0502051139837931e-07;1.360693175911365e-07;1.0502051139837931e-07;8.832440556716392e-08,1550140047509131,1550140047718715,75.72,0*ad
wru,0,-0.002,0.41,-32,-90*48
wru,1,0.001,0.27,-26,-98*44
wru,2,-0.000,0.41,-25,-91*0d
wru,3,-0.002,0.40,-27,-84*b7
wrx,77.98,-0.003,0.000,-0.003,0.001,0.33,y,0*d3
wrt,0.41,0.27,0.41,0.40*85
wrz,-0.003,0.000,-0.003,y,0.33,0.001,9.930150781656266e-07;-2.5655330659901665e-07;1.4357317468238762e-07;-2.5655330659901665e-07;8.506625022164371e-07;8.884415336751772e-08;1.4357317468238762e-07;8.884415336751772e-08;8.886398461527278e-08,1550140047584846,1550140047719529,77.98,0*da
wru,0,-0.002,0.41,-32,-90*48
wru,1,-0.002,0.27,-26,-98*74
wru,2,-0.004,0.41,-26,-91*36
wru,3,-0.004,0.40,-27,-83*f2
wrx,76.30,-0.001,-0.003,0.002,0.001,0.33,y,0*bc
wrt,0.41,0.27,0.41,0.40*85
wrz,-0.001,-0.003,0.002,y,0.33,0.001,1.0331671091989847e-06;-2.693462874958641e-07;1.5087296389992844e-07;-2.693462874958641e-07;8.516579441675276e-07;8.050276534277145e-08;1.5087296389992844e-07;8.050276534277145e-08;8.938908280242686e-08,1550140047662828,1550140047838626,76.30,0*52
wru,0,0.001,0.41,-32,-92*9e
wru,1,0.003,0.27,-26,-101*d8
wru,2,0.002,0.41,-25,-94*fc
wru,3,0.001,0.40,-27,-86*5e
wrx,75.22,-0.002,0.003,-0.002,0.001,0.33,y,0*54
wrt,0.41,0.27,0.41,0.40*85
wrz,-0.002,0.003,-0.002,y,0.33,0.001,1.0078305194838322e-06;-2.893985140417499e-07;1.3927800068813667e-07;-2.893985140417499e-07;8.716203865333227e-07;8.587328892417645e-08;1.3927800068813667e-07;8.587328892417645e-08;8.705576703960105e-08,1550140047739124,1550140047839437,75.22,0*39
wru,0,-0.000,0.41,-32,-91*82
wru,1,-0.002,0.27,-26,-99*73
wru,2,-0.003,0.41,-25,-93*2b
wru,3,-0.001,0.40,-26,-85*fa
wrp,1550140047.817,-7.41,1.00,10.24,9.5,86.5,8.2,96.0,0*dd
wrx,84.48,-0.001,-0.002,0.000,0.001,0.33,y,0*e7
wrt,0.41,0.27,0.41,0.40*85
wrz,-0.001,-0.002,0.000,y,0.33,0.001,1.0073621297124191e-06;-2.674823917914182e-07;1.4561396710632835e-07;-2.674823917914182e-07;8.441080012744351e-07;8.315623034604869e-08;1.4561396710632835e-07;8.315623034604869e-08;8.732737910577271e-08,1550140047814350,1550140047958687,84.48,0*d6
wru,0,-0.000,0.41,-32,-89*af
wru,1,0.001,0.27,-26,-98*44
wru,2,0.000,0.41,-26,-91*8c
wru,3,-0.000,0.40,-27,-83*6f
wrx,81.14,-0.001,0.002,0.000,0.001,0.33,y,0*a9
wrt,0.41,0.27,0.41,0.40*85
wrz,-0.001,0.002,0.000,y,0.33,0.001,9.80375489234575e-07;-2.825552201102255e-07;1.350973093394714e-07;-2.825552201102255e-07;8.441018621851981e-07;8.246474436646167e-08;1.350973093394714e-07;8.246474436646167e-08;8.404357743074797e-08,1550140047898822,1550140048078513,81.14,0*09
wru,0,0.001,0.41,-32,-91*97
wru,1,0.000,0.27,-26,-95*82
wru,2,-0.001,0.41,-25,-92*e1
wru,3,0.001,0.40,-26,-85*35
wrx,76.34,-0.002,0.000,-0.001,0.001,0.33,y,0*59
wrt,0.41,0.27,0.41,0.40*85
wrz,-0.002,0.000,-0.001,y,0.33,0.001,9.96599283098476e-07;-2.8289778697399015e-07;1.3938391418832907e-07;-2.8289778697399015e-07;8.643262958685227e-07;8.918865290752365e-08;1.3938391418832907e-07;8.918865290752365e-08;8.676744300828432e-08,1550140047979962,1550140048079387,76.34,0*18
wru,0,-0.000,0.41,-32,-90*85
wru,1,-0.000,0.27,-26,-98*b9
wru,2,-0.002,0.41,-25,-91*c0
wru,3,-0.001,0.40,-27,-83*8a
wrp,1550140048.042,-7.41,1.00,10.23,9.5,86.6,8.2,96.1,0*ae
wrx,74.66,-0.001,0.001,0.000,0.001,0.33,y,0*56
wrt,0.41,0.27,0.41,0.40*85
wrz,-0.001,0.001,0.000,y,0.33,0.001,1.010096298159624e-06;-3.082671469201159e-07;1.3570769397119875e-07;-3.082671469201159e-07;8.748922937229509e-07;8.314813726428838e-08;1.3570769397119875e-07;8.314813726428838e-08;8.522962247070609e-08,1550140048056299,1550140048198861,74.66,0*1a
wru,0,0.000,0.41,-32,-91*72
wru,1,0.000,0.27,-26,-99*a6
wru,2,-0.001,0.41,-26,-93*40
wru,3,0.000,0.40,-27,-85*b2
wrx,77.45,-0.001,0.003,0.000,0.001,0.33,y,0*53
wrt,0.41,0.27,0.41,0.40*85
wrz,-0.001,0.003,0.000,y,0.33,0.001,1.0105968613061123e-06;-3.303451876490726e-07;1.3290092226725392e-07;-3.303451876490726e-07;8.818863648230035e-07;8.257701011871177e-08;1.3290092226725392e-07;8.257701011871177e-08;8.381697114145936e-08,1550140048130951,1550140048318702,77.45,0*96
wru,0,0.001,0.41,-33,-91*f5
wru,1,-0.000,0.27,-26,-95*9a
wru,2,-0.001,0.41,-25,-91*e8
wru,3,0.001,0.40,-27,-85*57
wrp,1550140048.268,-7.40,1.00,10.23,9.5,86.7,8.1,96.0,0*af
wrx,80.68,-0.001,-0.001,-0.000,0.001,0.33,y,0*de
wrt,0.41,0.27,0.41,0.40*85
wrz,-0.001,-0.001,-0.000,y,0.33,0.001,9.892299885905231e-07;-3.3413118671887787e-07;1.2283270223178988e-07;-3.3413118671887787e-07;9.11431357053516e-07;9.259891697865896e-08;1.2283270223178988e-07;9.259891697865896e-08;8.37425062627517e-08,1550140048208404,1550140048320101,80.68,0*5a
wru,0,-0.000,0.41,-33,-89*cd
wru,1,0.000,0.27,-26,-98*a1
wru,2,-0.001,0.41,-26,-91*4e
wru,3,-0.001,0.40,-27,-83*8a
wrx,75.28,-0.003,0.001,-0.003,0.001,0.33,y,0*72
wrt,0.41,0.27,0.41,0.40*85
wrz,-0.003,0.001,-0.003,y,0.33,0.001,1.016548708321352e-06;-2.906968745719496e-07;1.3973675550005282e-07;-2.906968745719496e-07;8.468915098092111e-07;7.039219696025611e-08;1.3973675550005282e-07;7.039219696025611e-08;8.533113060593678e-08,1550140048289091,1550140048438645,75.28,0*b6
wru,0,-0.002,0.41,-33,-90*2a
wru,1,-0.002,0.27,-26,-99*73
wru,2,-0.004,0.41,-25,-92*99
wru,3,-0.003,0.40,-27,-84*52
wrx,82.37,-0.001,-0.001,-0.000,0.001,0.33,y,0*bc
wrt,0.41,0.27,0.41,0.40*85
wrz,-0.001,-0.001,-0.000,y,0.33,0.001,1.0164673085455433e-06;-2.792378950289276e-07;1.4203023113168456e-07;-2.792378950289276e-07;8.212707029997546e-07;6.188801648931985e-08;1.4203023113168456e-07;6.188801648931985e-08;8.369688231368855e-08,1550140048364367,1550140048558562,82.37,0*b7
wru,0,-0.000,0.41,-33,-90*e7
wru,1,0.000,0.27,-26,-98*a1
wru,2,-0.001,0.41,-26,-92*47
wru,3,-0.001,0.40,-27,-83*8a
wrp,1550140048.492,-7.40,1.00,10.23,9.5,86.9,8.1,96.3,0*0b
wrx,82.53,-0.003,-0.000,-0.002,0.001,0.33,y,0*7f
wrt,0.41,0.27,0.41,0.40*85
wrz,-0.003,-0.000,-0.002,y,0.33,0.001,1.003830107038084e-06;-2.4599529524493846e-07;1.4360514910549682e-07;-2.4599529524493846e-07;8.152714485731849e-07;6.67546373733785e-08;1.4360514910549682e-07;6.67546373733785e-08;8.56918020986086e-08,1550140048446729,1550140048559696,82.53,0*09
wru,0,-0.002,0.41,-33,-89*00
wru,1,-0.001,0.27,-26,-98*5c
wru,2,-0.003,0.41,-26,-91*83
wru,3,-0.003,0.40,-27,-83*47
wrx,77.28,-0.001,-0.001,-0.001,0.001,0.33,y,0*0b
wrt,0.41,0.27,0.41,0.40*85
wrz,-0.001,-0.001,-0.001,y,0.33,0.001,1.002542035166698e-06;-2.3243228497449309e-07;1.478680218269801e-07;-2.3243228497449309e-07;7.702051902924723e-07;5.0012040730962326e-08;1.478680218269801e-07;5.0012040730962326e-08;8.33776070408021e-08,1550140048529258,1550140048678621,77.28,0*cb
wru,0,-0.001,0.41,-33,-90*02
wru,1,-0.001,0.27,-26,-99*5b
wru,2,-0.002,0.41,-26,-91*66
wru,3,-0.002,0.40,-27,-84*b7
wrx,78.05,-0.001,0.002,0.000,0.001,0.33,y,0*28
wrt,0.41,0.27,0.41,0.40*85
wrz,-0.001,0.002,0.000,y,0.33,0.001,1.0175526767852716e-06;-2.0566587011217052e-07;1.5417489862556977e-07;-2.0566587011217052e-07;7.576954885735177e-07;4.1681005313876085e-08;1.5417489862556977e-07;4.1681005313876085e-08;8.478954072188571e-08,1550140048606402,1550140048798677,78.05,0*5e
wru,0,0.001,0.41,-32,-89*ba
wru,1,0.000,0.27,-26,-97*8c
wru,2,-0.001,0.41,-26,-90*49
wru,3,0.000,0.40,-27,-83*a0
wrp,1550140048.692,-7.40,1.00,10.23,9.5,87.0,8.0,96.3,0*de
wrx,79.21,-0.000,0.002,0.003,0.001,0.33,y,0*22
wrt,0.41,0.27,0.41,0.40*85
wrz,-0.000,0.002,0.003,y,0.33,0.001,1.044191662913363e-06;-2.3963880835253804e-07;1.5412452114560438e-07;-2.3963880835253804e-07;8.093927021946001e-07;5.71512579483624e-08;1.5412452114560438e-07;5.71512579483624e-08;8.864608247449723e-08,1550140048684583,1550140048799688,79.21,0*f7
wru,0,0.004,0.41,-33,-90*8a
wru,1,0.003,0.27,-26,-98*89
wru,2,0.003,0.41,-25,-92*0b
wru,3,0.004,0.40,-27,-84*28
wrx,76.05,-0.001,0.004,0.003,0.001,0.33,y,0*2f
wrt,0.41,0.27,0.41,0.40*85
wrz,-0.001,0.004,0.003,y,0.33,0.001,1.0793157798616448e-06;-2.8018678221997106e-07;1.2877062260940875e-07;-2.8018678221997106e-07;9.491195100963523e-07;7.015740521865155e-08;1.2877062260940875e-07;7.015740521865155e-08;9.146006618721003e-08,1550140048763804,1550140048918944,76.05,0*33
wru,0,0.004,0.41,-34,-91*a4
wru,1,0.002,0.27,-26,-99*6b
wru,2,0.002,0.41,-26,-92*48
wru,3,0.004,0.40,-27,-84*28
wrx,82.43,-0.004,0.001,-0.006,0.001,0.32,y,0*1b
wrt,0.37,0.27,0.41,0.40*a3
wrz,-0.004,0.001,-0.006,y,0.32,0.001,9.630800832383102e-07;-7.766055176716691e-08;1.5413927201279876e-07;-7.766055176716691e-08;6.797061473662325e-07;1.494877555074936e-09;1.5413927201279876e-07;1.494877555074936e-09;8.584752464457779e-08,1550140048839833,1550140049038373,82.43,0*39
wru,0,-0.005,0.37,-35,-89*f0
wru,1,-0.005,0.27,-26,-98*c1
wru,2,-0.007,0.41,-26,-91*1e
wru,3,-0.006,0.40,-27,-83*3f
wrp,1550140048.917,-7.40,1.00,10.23,9.5,87.7,8.1,96.3,0*4f
wrx,81.07,-0.002,-0.002,-0.001,0.001,0.32,y,0*7f
wrt,0.37,0.27,0.41,0.40*a3
wrz,-0.002,-0.002,-0.001,y,0.32,0.001,9.598221595297218e-07;-4.803443420797748e-09;1.6444818129457417e-07;-4.803443420797748e-09;6.450011937886302e-07;-2.6451390411352804e-08;1.6444818129457417e-07;-2.6451390411352804e-08;8.351035774012416e-08,1550140048922260,1550140049039816,81.07,0*57
wru,0,-0.001,0.37,-36,-92*ef
wru,1,0.000,0.27,-26,-95*82
wru,2,-0.001,0.41,-26,-92*47
wru,3,-0.002,0.40,-28,-86*89
wrx,76.98,0.002,0.000,0.005,0.001,0.32,y,0*fa
wrt,0.37,0.27,0.41,0.40*a3
wrz,0.002,0.000,0.005,y,0.32,0.001,8.833187052914582e-07;9.303463599508177e-08;1.6463016550005705e-07;9.303463599508177e-08;5.844582346981042e-07;-5.5034064416759065e-08;1.6463016550005705e-07;-5.5034064416759065e-08;8.229044823337972e-08,1550140049003333,1550140049158452,76.98,0*c2
wru,0,0.004,0.37,-35,-92*c1
wru,1,0.004,0.27,-26,-99*3b
wru,2,0.005,0.41,-27,-93*98
wru,3,0.005,0.40,-27,-86*c3
wrp,1550140049.144,-7.40,1.00,10.23,9.5,87.7,8.0,96.0,0*65
wrx,75.83,-0.000,0.003,0.004,0.001,0.32,y,0*96
wrt,0.37,0.27,0.41,0.40*a3
wrz,-0.000,0.003,0.004,y,0.32,0.001,8.90715398327302e-07;-5.5865921666509166e-08;1.5179055878888903e-07;-5.5865921666509166e-08;5.88455577599234e-07;-2.9658606681692845e-09;1.5179055878888903e-07;-2.9658606681692845e-09;7.740329976968496e-08,1550140049080319,1550140049279029,75.83,0*16
wru,0,0.004,0.37,-35,-92*c1
wru,1,0.003,0.27,-25,-99*28
wru,2,0.002,0.41,-26,-93*4f
wru,3,0.004,0.40,-27,-85*2f
wrx,79.13,-0.001,-0.001,-0.002,0.001,0.32,y,0*b7
wrt,0.37,0.27,0.41,0.40*a3
wrz,-0.001,-0.001,-0.002,y,0.32,0.001,8.678476888235309e-07;-4.09342781892974e-08;1.5041155165818054e-07;-4.09342781892974e-08;5.673044256582216e-07;-1.3073328197776846e-08;1.5041155165818054e-07;-1.3073328197776846e-08;7.483946262709651e-08,1550140049156141,1550140049279683,79.13,0*85
wru,0,-0.002,0.37,-34,-90*0d
wru,1,-0.001,0.27,-25,-99*fd
wru,2,-0.002,0.41,-27,-91*04
wru,3,-0.002,0.40,-27,-84*b7
wrx,78.38,-0.001,-0.004,0.000,0.001,0.32,y,0*35
wrt,0.37,0.27,0.41,0.40*a3
wrz,-0.001,-0.004,0.000,y,0.32,0.001,8.843812793202233e-07;-5.7879670833926866e-08;1.3769209772362956e-07;-5.7879670833926866e-08;6.351204433485691e-07;-6.429465404522716e-09;1.3769209772362956e-07;-6.429465404522716e-09;7.546347546849574e-08,1550140049235280,1550140049398597,78.38,0*f3
wru,0,-0.001,0.37,-35,-90*47
wru,1,0.002,0.27,-25,-100*11
wru,2,0.001,0.41,-26,-91*69
wru,3,-0.001,0.40,-27,-84*9f
wrp,1550140049.345,-7.40,1.01,10.23,9.5,87.8,8.0,96.0,0*15
wrx,76.74,-0.001,0.006,-0.001,0.001,0.32,y,0*e7
wrt,0.37,0.27,0.41,0.40*a3
wrz,-0.001,0.006,-0.001,y,0.32,0.001,8.276965672848746e-07;-5.591134666360631e-08;1.3017695721373457e-07;-5.591134666360631e-08;5.951159209871548e-07;-1.3727870395996433e-08;1.3017695721373457e-07;-1.3727870395996433e-08;7.093775877820008e-08,1550140049313655,1550140049518655,76.74,0*49
wru,0,0.001,0.37,-35,-90*b7
wru,1,-0.002,0.27,-25,-99*d5
wru,2,-0.003,0.41,-26,-91*83
wru,3,0.000,0.40,-26,-83*c2
wrx,81.16,-0.001,0.002,0.002,0.001,0.32,y,0*9e
wrt,0.37,0.27,0.41,0.40*a3
wrz,-0.001,0.002,0.002,y,0.32,0.001,8.628152272649459e-07;-2.088277817335893e-08;1.3160709499970835e-07;-2.088277817335893e-08;6.531319058922236e-07;-3.6472066256010294e-08;1.3160709499970835e-07;-3.6472066256010294e-08;7.641214239129113e-08,1550140049390359,1550140049519466,81.16,0*f4
wru,0,0.003,0.37,-34,-89*32
wru,1,0.001,0.27,-25,-98*e2
wru,2,0.001,0.41,-27,-91*0b
wru,3,0.002,0.40,-27,-83*6d
wrx,82.84,-0.002,-0.000,-0.002,0.001,0.32,y,0*75
wrt,0.37,0.27,0.41,0.40*a3
wrz,-0.002,-0.000,-0.002,y,0.32,0.001,8.479819939566369e-07;-3.385074265338517e-08;1.2688821016126894e-07;-3.385074265338517e-08;6.385337769643229e-07;-2.512885544092569e-08;1.2688821016126894e-07;-2.512885544092569e-08;7.387431821825885e-08,1550140049471541,1550140049638681,82.84,0*23
wru,0,-0.001,0.37,-33,-90*0c
wru,1,-0.001,0.27,-25,-99*fd
wru,2,-0.002,0.41,-26,-92*6f
wru,3,-0.002,0.40,-27,-84*b7
wrp,1550140049.592,-7.40,1.00,10.23,9.5,88.2,7.7,96.0,0*0d
wrx,76.95,-0.003,-0.002,-0.004,0.001,0.32,y,0*77
wrt,0.37,0.27,0.41,0.40*a3
wrz,-0.003,-0.002,-0.004,y,0.32,0.001,8.691212656231073e-07;-1.4178393570318804e-08;1.3443980151350843e-07;-1.4178393570318804e-08;6.575659199370421e-07;-3.7956681353534805e-08;1.3443980151350843e-07;-3.7956681353534805e-08;7.856771588876654e-08,1550140049554384,1550140049758539,76.95,0*ff
wru,0,-0.004,0.37,-34,-91*5a
wru,1,-0.002,0.27,-25,-98*d2
wru,2,-0.004,0.41,-26,-94*2d
wru,3,-0.005,0.40,-27,-85*05
wrx,76.04,-0.002,-0.006,-0.001,0.001,0.32,y,0*4a
wrt,0.37,0.27,0.41,0.40*a3
wrz,-0.002,-0.006,-0.001,y,0.32,0.001,8.569003284719656e-07;5.083114817949763e-09;1.3154435407614073e-07;5.083114817949763e-09;6.561193117704534e-07;-4.070210479767411e-08;1.3154435407614073e-07;-4.070210479767411e-08;7.63106910994793e-08,1550140049631340,1550140049759441,76.04,0*32
wru,0,-0.002,0.37,-34,-92*03
wru,1,0.001,0.27,-25,-100*c9
wru,2,-0.000,0.41,-26,-93*a5
wru,3,-0.003,0.40,-27,-86*5c
wrx,77.92,-0.000,0.002,0.001,0.001,0.32,y,0*72
wrt,0.37,0.27,0.41,0.40*a3
wrz,-0.000,0.002,0.001,y,0.32,0.001,8.96186861609749e-07;-7.1232024723144605e-09;1.3717077251840237e-07;-7.1232024723144605e-09;6.742750997545954e-07;-3.593195430084961e-08;1.3717077251840237e-07;-3.593195430084961e-08;7.884181485451336e-08,1550140049707382,1550140049878701,77.92,0*2c
wru,0,0.001,0.37,-34,-90*d5
wru,1,0.000,0.27,-25,-99*00
wru,2,-0.000,0.41,-26,-91*ab
wru,3,0.001,0.40,-27,-83*45
wrp,1550140049.817,-7.41,1.01,10.23,9.5,88.1,7.8,96.1,0*d4
wrx,77.65,0.001,-0.004,0.002,0.001,0.32,y,0*d2
wrt,0.38,0.27,0.41,0.40*bd
wrz,0.001,-0.004,0.002,y,0.32,0.001,1.0862702310987515e-06;-2.828680010225071e-07;8.740374113358484e-08;-2.828680010225071e-07;1.0092720685861423e-06;2.6881378900611708e-08;8.740374113358484e-08;2.6881378900611708e-08;8.762498993064582e-08,1550140049785302,1550140049998314,77.65,0*9b
wru,0,0.001,0.38,-33,-90*55
wru,1,0.003,0.27,-25,-98*2f
wru,2,0.003,0.41,-27,-91*c6
wru,3,0.001,0.40,-27,-83*45
wrx,75.56,-0.002,0.003,-0.000,0.001,0.32,y,0*f1
wrt,0.38,0.27,0.41,0.40*bd
wrz,-0.002,0.003,-0.000,y,0.32,0.001,1.0691753686842276e-06;-3.149671101709828e-07;7.201439444770585e-08;-3.149671101709828e-07;1.0154959682040499e-06;2.5335403108783794e-08;7.201439444770585e-08;2.5335403108783794e-08;8.397235262691538e-08,1550140049862954,1550140049999354,75.56,0*02
wru,0,0.001,0.38,-34,-93*75
wru,1,-0.000,0.27,-25,-99*18
wru,2,-0.002,0.41,-26,-94*7d
wru,3,0.000,0.40,-26,-86*d9
wrx,81.25,0.002,0.001,0.005,0.001,0.32,y,0*56
wrt,0.38,0.27,0.41,0.40*bd
wrz,0.002,0.001,0.005,y,0.32,0.001,1.0905461067522992e-06;-3.1787769216862216e-07;6.579550415608537e-08;-3.1787769216862216e-07;1.0576283102636808e-06;3.768820633354153e-08;6.579550415608537e-08;3.768820633354153e-08;8.876833135218476e-08,1550140049938500,1550140050118631,81.25,0*e1
wru,0,0.004,0.38,-34,-92*0a
wru,1,0.004,0.27,-25,-100*a6
wru,2,0.004,0.41,-27,-94*68
wru,3,0.005,0.40,-27,-86*c3
wrp,1550140050.042,-7.41,1.00,10.22,9.5,88.1,7.5,95.8,0*7f
wrx,81.05,-0.001,0.000,0.001,0.001,0.32,y,0*9e
wrt,0.37,0.27,0.41,0.40*a3
wrz,-0.001,0.000,0.001,y,0.32,0.001,8.438281042799645e-07;-4.0276681545492465e-08;1.1673760269559352e-07;-4.0276681545492465e-08;6.637264391429198e-07;-2.2910077390747574e-08;1.1673760269559352e-07;-2.2910077390747574e-08;7.29998532733589e-08,1550140050019735,1550140050119881,81.05,0*ad
wru,0,0.001,0.37,-33,-90*fc
wru,1,0.001,0.27,-25,-98*e2
wru,2,0.000,0.41,-26,-92*85
wru,3,0.000,0.40,-26,-84*d7
wrx,80.24,-0.004,-0.002,-0.002,0.001,0.32,y,0*4c
wrt,0.37,0.27,0.41,0.40*a3
wrz,-0.004,-0.002,-0.002,y,0.32,0.001,9.040828103934473e-07;-5.1395574018897605e-08;1.2909063684674038e-07;-5.1395574018897605e-08;6.972145456529688e-07;-2.0139541589969667e-08;1.2909063684674038e-07;-2.0139541589969667e-08;7.826036352298615e-08,1550140050100804,1550140050238607,80.24,0*ae
wru,0,-0.002,0.37,-33,-89*0e
wru,1,-0.001,0.27,-25,-98*fa
wru,2,-0.002,0.41,-26,-90*61
wru,3,-0.004,0.40,-27,-83*f2
wrp,1550140050.242,-7.41,1.01,10.22,9.5,88.1,7.5,95.9,0*b2
wrx,79.44,-0.003,0.001,-0.000,0.001,0.32,y,0*e6
wrt,0.37,0.27,0.41,0.40*a3
wrz,-0.003,0.001,-0.000,y,0.32,0.001,8.473879802295414e-07;-6.90186663376835e-09;1.1212105732738564e-07;-6.90186663376835e-09;6.972105666136486e-07;-3.7648089090680514e-08;1.1212105732738564e-07;-3.7648089090680514e-08;7.464125673095623e-08,1550140050181043,1550140050358976,79.44,0*a3
wru,0,0.001,0.37,-33,-90*fc
wru,1,0.000,0.27,-25,-98*07
wru,2,-0.001,0.41,-26,-91*4e
wru,3,-0.001,0.40,-26,-83*e8
wrx,78.67,-0.002,-0.000,0.001,0.001,0.32,y,0*f5
wrt,0.37,0.27,0.41,0.40*a3
wrz,-0.002,-0.000,0.001,y,0.32,0.001,8.641949875709543e-07;-6.096037452607561e-08;1.195350165517084e-07;-6.096037452607561e-08;6.737894295838487e-07;-1.555728523783273e-08;1.195350165517084e-07;-1.555728523783273e-08;7.404771196206639e-08,1550140050260451,1550140050478470,78.67,0*04
wru,0,0.001,0.37,-33,-91*fb
wru,1,0.001,0.27,-25,-99*e5
wru,2,0.000,0.41,-26,-92*85
wru,3,0.000,0.40,-27,-84*b5
wrx,76.24,-0.002,-0.002,-0.001,0.001,0.32,y,0*ef
wrt,0.37,0.27,0.41,0.40*a3
wrz,-0.002,-0.002,-0.001,y,0.32,0.001,8.789551202426082e-07;-2.7248656664369264e-08;1.2167183172095974e-07;-2.7248656664369264e-08;6.996992851782124e-07;-3.1394154831332344e-08;1.2167183172095974e-07;-3.1394154831332344e-08;7.686578840093716e-08,1550140050339161,1550140050479332,76.24,0*c3
wru,0,-0.001,0.37,-33,-91*0b
wru,1,-0.000,0.27,-25,-99*18
wru,2,-0.001,0.41,-27,-93*22
wru,3,-0.002,0.40,-27,-85*b0
wrp,1550140050.467,-7.41,1.01,10.22,9.5,88.0,7.5,96.0,0*0c
wrx,84.53,-0.003,0.001,-0.001,0.001,0.32,y,0*6e
wrt,0.37,0.27,0.41,0.40*a3
wrz,-0.003,0.001,-0.001,y,0.32,0.001,8.682929433234676e-07;-5.695203597610998e-08;1.2105758173674985e-07;-5.695203597610998e-08;6.785454047530948e-07;-2.1757367463237642e-08;1.2105758173674985e-07;-2.1757367463237642e-08;7.480333152898311e-08,1550140050415399,1550140050599012,84.53,0*f4
wru,0,0.000,0.37,-33,-91*1e
wru,1,-0.000,0.27,-25,-99*18
wru,2,-0.002,0.41,-27,-92*0d
wru,3,-0.002,0.40,-27,-84*b7
wrx,78.26,0.001,0.000,0.005,0.001,0.32,y,0*94
wrt,0.37,0.27,0.41,0.40*a3
wrz,0.001,0.000,0.005,y,0.32,0.001,8.743171520109172e-07;-3.859083008705966e-08;1.203834472107701e-07;-3.859083008705966e-08;6.873125357742538e-07;-1.8180974947767936e-08;1.203834472107701e-07;-1.8180974947767936e-08;7.831222603726928e-08,1550140050499924,1550140050599942,78.26,0*b9
wru,0,0.005,0.37,-33,-91*66
wru,1,0.005,0.27,-25,-99*78
wru,2,0.005,0.41,-26,-93*fa
wru,3,0.005,0.40,-26,-85*a8
wrx,77.67,-0.001,0.003,-0.000,0.001,0.32,y,0*a4
wrt,0.37,0.27,0.41,0.40*a3
wrz,-0.001,0.003,-0.000,y,0.32,0.001,8.673561637806415e-07;-6.062271751261505e-08;1.2438647445378592e-07;-6.062271751261505e-08;6.61285071146267e-07;-1.1820919354477155e-08;1.2438647445378592e-07;-1.1820919354477155e-08;7.4141389916349e-08,1550140050578192,1550140050718561,77.67,0*17
wru,0,0.001,0.37,-33,-92*f2
wru,1,-0.001,0.27,-25,-100*81
wru,2,-0.002,0.41,-27,-94*1f
wru,3,0.000,0.40,-26,-86*d9
wrp,1550140050.668,-7.41,1.01,10.22,9.5,88.1,7.4,95.7,0*24
wrx,78.30,-0.006,-0.008,-0.008,0.001,0.32,y,0*31
wrt,0.37,0.27,0.41,0.40*a3
wrz,-0.006,-0.008,-0.008,y,0.32,0.001,8.562356583752262e-07;-6.731064416953814e-08;1.248675971510238e-07;-6.731064416953814e-08;6.618553811676975e-07;2.241158147953115e-09;1.248675971510238e-07;2.241158147953115e-09;7.895408771219081e-08,1550140050655856,1550140050838557,78.30,0*a1
wru,0,-0.008,0.37,-33,-91*d3
wru,1,-0.003,0.27,-25,-99*30
wru,2,-0.007,0.41,-27,-93*72
wru,3,-0.011,0.40,-27,-85*2d
wrx,77.50,-0.004,-0.004,-0.005,0.001,0.32,y,0*d3
wrt,0.37,0.27,0.41,0.40*a3
wrz,-0.004,-0.004,-0.005,y,0.32,0.001,8.924732242121536e-07;-1.6753904930055796e-08;1.3385401587129309e-07;-1.6753904930055796e-08;6.807988484069938e-07;-2.8301588628210084e-08;1.3385401587129309e-07;-2.8301588628210084e-08;8.062028200583882e-08,1550140050734159,1550140050839247,77.50,0*38
wru,0,-0.005,0.37,-34,-89*92
wru,1,-0.003,0.27,-25,-98*37
wru,2,-0.005,0.41,-27,-91*b1
wru,3,-0.007,0.40,-26,-83*b8
wrx,79.78,-0.001,-0.000,0.002,0.001,0.32,y,0*39
wrt,0.37,0.27,0.41,0.40*a3
wrz,-0.001,-0.000,0.002,y,0.32,0.001,9.072757620742777e-07;-1.6138997693815327e-08;1.364235089340582e-07;-1.6138997693815327e-08;6.809102046645421e-07;-2.8018844133725906e-08;1.364235089340582e-07;-2.8018844133725906e-08;7.935175716511367e-08,1550140050811659,1550140050958630,79.78,0*42
wru,0,0.002,0.37,-34,-91*fa
wru,1,0.002,0.27,-25,-99*cd
wru,2,0.002,0.41,-26,-92*48
wru,3,0.002,0.40,-27,-84*78
wrp,1550140050.892,-7.41,1.01,10.22,9.5,87.8,7.5,96.0,0*ec
wrx,80.76,-0.001,0.001,0.004,0.001,0.32,y,0*17
wrt,0.37,0.27,0.41,0.40*a3
wrz,-0.001,0.001,0.004,y,0.32,0.001,8.928766987992276e-07;-5.8502461541820594e-08;1.4116618274329085e-07;-5.8502461541820594e-08;6.32571754977107e-07;-1.1428082480335888e-08;1.4116618274329085e-07;-1.1428082480335888e-08;7.792731082645332e-08,1550140050891429,1550140051078353,80.76,0*cd
wru,0,0.004,0.37,-34,-90*ad
wru,1,0.004,0.27,-25,-98*9a
wru,2,0.003,0.41,-27,-91*c6
wru,3,0.004,0.40,-26,-84*4a
wrx,78.45,-0.003,-0.001,-0.001,0.001,0.32,y,0*71
wrt,0.37,0.27,0.41,0.40*a3
wrz,-0.003,-0.001,-0.001,y,0.32,0.001,8.745445825297793e-07;-8.815823804297906e-08;1.2217736866659834e-07;-8.815823804297906e-08;6.738146680618229e-07;-4.354438587483855e-09;1.2217736866659834e-07;-4.354438587483855e-09;7.420099024102456e-08,1550140050972191,1550140051079392,78.45,0*51
wru,0,-0.001,0.37,-34,-90*25
wru,1,-0.000,0.27,-25,-98*1f
wru,2,-0.002,0.41,-26,-92*6f
wru,3,-0.002,0.40,-26,-84*d5
wrx,76.71,-0.001,-0.001,0.003,0.001,0.32,y,0*12
wrt,0.37,0.27,0.41,0.40*a3
wrz,-0.001,-0.001,0.003,y,0.32,0.001,8.547487482246652e-07;-7.468839413604655e-08;1.3145023558536195e-07;-7.468839413604655e-08;6.168140771478647e-07;-8.473676871290081e-09;1.3145023558536195e-07;-8.473676871290081e-09;7.336179663752773e-08,1550140051050626,1550140051198578,76.71,0*a1
wru,0,0.003,0.37,-34,-90*18
wru,1,0.003,0.27,-25,-99*28
wru,2,0.002,0.41,-26,-91*41
wru,3,0.002,0.40,-26,-83*0f
wrp,1550140051.117,-7.41,1.01,10.22,9.5,87.8,7.4,95.7,0*51
wrx,80.44,-0.004,0.002,-0.002,0.001,0.32,y,0*ba
wrt,0.37,0.27,0.41,0.40*a3
wrz,-0.004,0.002,-0.002,y,0.32,0.001,8.17111185824615e-07;-3.77061759593289e-08;1.330383270214952e-07;-3.77061759593289e-08;5.674116323461931e-07;-9.224342178981715e-09;1.330383270214952e-07;-9.224342178981715e-09;7.052081940628341e-08,1550140051127356,1550140051318765,80.44,0*3d
wru,0,-0.001,0.37,-34,-91*22
wru,1,-0.002,0.27,-25,-95*f1
wru,2,-0.004,0.41,-27,-90*53
wru,3,-0.003,0.40,-26,-84*30
wrx,77.72,-0.001,-0.003,0.001,0.001,0.32,y,0*2f
wrt,0.37,0.27,0.41,0.40*a3
wrz,-0.001,-0.003,0.001,y,0.32,0.001,9.194398558065586e-07;-1.2421646999882796e-07;1.3473665205765428e-07;-1.2421646999882796e-07;6.848474072285171e-07;9.124509148250581e-09;1.3473665205765428e-07;9.124509148250581e-09;7.721619965650461e-08,1550140051207775,1550140051319764,77.72,0*8b
wru,0,0.001,0.37,-34,-89*ff
wru,1,0.002,0.27,-25,-97*e7
wru,2,0.002,0.41,-26,-90*46
wru,3,0.000,0.40,-27,-83*a0
wrp,1550140051.317,-7.41,1.01,10.22,9.5,88.0,7.3,95.8,0*99
wrx,78.77,-0.001,0.001,0.003,0.001,0.32,y,0*64
wrt,0.37,0.27,0.41,0.40*a3
wrz,-0.001,0.001,0.003,y,0.32,0.001,8.782783424976515e-07;-6.152362175271264e-08;1.2617424260952248e-07;-6.152362175271264e-08;6.678679369542806e-07;-1.3181152169750021e-08;1.2617424260952248e-07;-1.3181152169750021e-08;7.594150730483307e-08,1550140051285389,1550140051438876,78.77,0*e9
wru,0,0.003,0.37,-33,-91*36
wru,1,0.003,0.27,-25,-99*28
wru,2,0.002,0.41,-27,-92*2a
wru,3,0.003,0.40,-26,-84*ff
wrx,84.51,0.001,0.007,0.009,0.001,0.32,y,0*de
wrt,0.37,0.27,0.41,0.40*a3
wrz,0.001,0.007,0.009,y,0.32,0.001,8.151054089466925e-07;-2.296393830647503e-08;1.4689052818539494e-07;-2.296393830647503e-08;5.166240271137212e-07;-2.108746732787381e-09;1.4689052818539494e-07;-2.108746732787381e-09;7.793068590444818e-08,1550140051364282,1550140051558349,84.51,0*6c
wru,0,0.010,0.37,-33,-91*ab
wru,1,0.006,0.27,-25,-100*cb
wru,2,0.007,0.41,-26,-94*22
wru,3,0.011,0.40,-27,-85*e2
wrx,78.93,-0.002,-0.001,-0.000,0.001,0.32,y,0*94
wrt,0.37,0.27,0.41,0.40*a3
wrz,-0.002,-0.001,-0.000,y,0.32,0.001,8.088439926723368e-07;-3.089791178467749e-08;1.4838680328921328e-07;-3.089791178467749e-08;4.909217636850371e-07;-2.371067342465949e-09;1.4838680328921328e-07;-2.371067342465949e-09;6.92285908598933e-08,1550140051448783,1550140051559504,78.93,0*35
wru,0,-0.000,0.37,-33,-89*c3
wru,1,0.000,0.27,-25,-95*24
wru,2,-0.001,0.41,-26,-89*63
wru,3,-0.001,0.40,-27,-82*8d
wrp,1550140051.518,-7.41,1.01,10.22,9.5,88.0,7.1,95.3,0*b2
wrx,79.20,-0.005,-0.008,-0.011,0.001,0.32,y,0*95
wrt,0.37,0.27,0.41,0.40*a3
wrz,-0.005,-0.008,-0.011,y,0.32,0.001,7.550635814368434e-07;-3.753476196521888e-09;1.4302382567166205e-07;-3.753476196521888e-09;4.702018543412123e-07;-5.419786397453663e-09;1.4302382567166205e-07;-5.419786397453663e-09;7.611003383090065e-08,1550140051527714,1550140051679015,79.20,0*eb
wru,0,-0.010,0.37,-33,-91*5b
wru,1,-0.006,0.27,-25,-100*83
wru,2,-0.009,0.41,-27,-93*1f
wru,3,-0.013,0.40,-27,-85*e0
wrx,77.24,-0.003,-0.001,-0.004,0.001,0.32,y,0*a8
wrt,0.37,0.27,0.41,0.40*a3
wrz,-0.003,-0.001,-0.004,y,0.32,0.001,8.632767389826768e-07;-9.030702585732797e-08;1.297001546163301e-07;-9.030702585732797e-08;6.362844260365819e-07;-2.252211528386283e-09;1.297001546163301e-07;-2.252211528386283e-09;7.449192196418153e-08,1550140051606921,1550140051798666,77.24,0*cf
wru,0,-0.003,0.37,-34,-89*c2
wru,1,-0.003,0.27,-25,-98*37
wru,2,-0.004,0.41,-27,-91*54
wru,3,-0.005,0.40,-27,-83*17
wrp,1550140051.745,-7.41,1.01,10.22,9.5,88.0,7.3,95.6,0*6b
wrx,79.67,-0.001,0.001,0.004,0.001,0.32,y,0*96
wrt,0.37,0.27,0.41,0.40*a3
wrz,-0.001,0.001,0.004,y,0.32,0.001,8.337546546499652e-07;-7.963898696061733e-08;1.257856752090447e-07;-7.963898696061733e-08;6.128185532361385e-07;-1.3783420627078158e-08;1.257856752090447e-07;-1.3783420627078158e-08;7.276958768898112e-08,1550140051684154,1550140051799683,79.67,0*cc
wru,0,0.004,0.37,-33,-89*ae
wru,1,0.004,0.27,-25,-97*b7
wru,2,0.003,0.41,-27,-90*c1
wru,3,0.004,0.40,-27,-82*3a
wrx,74.77,0.000,0.005,0.005,0.001,0.32,y,0*38
wrt,0.37,0.27,0.41,0.40*a3
wrz,0.000,0.005,0.005,y,0.32,0.001,8.084787737061561e-07;-5.6159503714070524e-08;1.3482440408552065e-07;-5.6159503714070524e-08;5.484073426487157e-07;-4.575521739269561e-09;1.3482440408552065e-07;-4.575521739269561e-09;7.095069065599091e-08,1550140051763819,1550140051918553,74.77,0*74
wru,0,0.005,0.37,-33,-89*4b
wru,1,0.003,0.27,-25,-98*2f
wru,2,0.003,0.41,-26,-90*a3
wru,3,0.006,0.40,-27,-82*f7
wrx,83.26,-0.002,-0.002,-0.000,0.001,0.32,n,0*91
wrt,0.37,0.27,0.41,0.40*a3
wrz,-0.002,-0.002,-0.000,n,0.32,0.001,7.775914241392456e-07;-2.1261486793378026e-08;1.4071764553591493e-07;-2.1261486793378026e-08;4.848638468502031e-07;-1.3100780016372937e-08;1.4071764553591493e-07;-1.3100780016372937e-08;6.697658960774788e-08,1550140051838609,1550140052038678,83.26,0*5c
wru,0,-0.000,0.37,-33,-90*e9
wru,1,0.001,0.27,-25,-98*e2
wru,2,-0.000,0.41,-27,-92*c0
wru,3,-0.001,0.40,-26,-84*fd
wrp,1550140051.945,-7.41,1.01,10.22,9.5,88.1,7.2,95.5,0*59
wrx,81.33,-0.002,-0.001,-0.001,0.001,0.32,y,0*6a
wrt,0.37,0.27,0.41,0.40*a3
wrz,-0.002,-0.001,-0.001,y,0.32,0.001,7.943695550238772e-07;-6.478524028352695e-08;1.2259030768291268e-07;-6.478524028352695e-08;5.728260816795228e-07;-5.478141495984801e-09;1.2259030768291268e-07;-5.478141495984801e-09;6.765127125163417e-08,1550140051921854,1550140052039904,81.33,0*a4
wru,0,-0.001,0.37,-33,-89*26
wru,1,-0.000,0.27,-25,-98*1f
wru,2,-0.001,0.41,-26,-91*4e
wru,3,-0.002,0.40,-27,-83*a2
wrx,78.68,-0.004,-0.000,-0.002,0.001,0.32,y,0*35
wrt,0.37,0.27,0.41,0.40*a3
wrz,-0.004,-0.000,-0.002,y,0.32,0.001,8.041378123380127e-07;-2.8259606210667698e-08;1.436566492429847e-07;-2.8259606210667698e-08;5.077417881693691e-07;-1.022468598677051e-08;1.436566492429847e-07;-1.022468598677051e-08;6.926433826492939e-08,1550140052003185,1550140052158602,78.68,0*e8
wru,0,-0.001,0.37,-33,-90*0c
wru,1,-0.001,0.27,-25,-98*fa
wru,2,-0.003,0.41,-26,-91*83
wru,3,-0.003,0.40,-27,-83*47
wrx,78.26,-0.002,-0.002,-0.001,0.001,0.32,y,0*37
wrt,0.37,0.27,0.41,0.40*a3
wrz,-0.002,-0.002,-0.001,y,0.32,0.001,8.028044931052136e-07;-8.268382600817858e-08;1.269684730687004e-07;-8.268382600817858e-08;5.662585067511827e-07;-5.574475991920735e-09;1.269684730687004e-07;-5.574475991920735e-09;6.787589512669001e-08,1550140052081864,1550140052288605,78.26,0*81
wru,0,-0.001,0.37,-33,-90*0c
wru,1,0.001,0.27,-25,-98*e2
wru,2,-0.000,0.41,-27,-91*c9
wru,3,-0.002,0.40,-26,-83*c0
wrp,1550140052.167,-7.41,1.02,10.22,9.5,88.0,7.3,95.6,0*cd
wrx,74.56,-0.003,-0.003,-0.002,0.001,0.32,y,0*69
wrt,0.37,0.27,0.41,0.40*a3
wrz,-0.003,-0.003,-0.002,y,0.32,0.001,8.220754921239859e-07;-5.22292928906154e-08;1.411579120258466e-07;-5.22292928906154e-08;5.404355079008383e-07;-7.099437482338544e-09;1.411579120258466e-07;-7.099437482338544e-09;7.035841775859808e-08,1550140052160117,1550140052289826,74.56,0*eb
wru,0,-0.001,0.37,-33,-91*0b
wru,1,-0.000,0.27,-25,-98*1f
wru,2,-0.001,0.41,-27,-93*22
wru,3,-0.003,0.40,-27,-85*55
wrx,77.42,-0.002,0.000,-0.002,0.001,0.32,y,0*3b
wrt,0.37,0.27,0.41,0.40*a3
wrz,-0.002,0.000,-0.002,y,0.32,0.001,8.169813554559369e-07;-7.223027154168449e-08;1.3182581426463003e-07;-7.223027154168449e-08;5.680109325112426e-07;-4.984966217591591e-09;1.3182581426463003e-07;-4.984966217591591e-09;6.988891954051724e-08,1550140052234686,1550140052408586,77.42,0*42
wru,0,-0.002,0.37,-33,-91*23
wru,1,-0.002,0.27,-25,-100*59
wru,2,-0.003,0.41,-26,-93*8d
wru,3,-0.003,0.40,-27,-85*55
wrx,74.78,-0.002,-0.002,-0.000,0.001,0.32,y,0*19
wrt,0.37,0.27,0.41,0.40*a3
wrz,-0.002,-0.002,-0.000,y,0.32,0.001,8.041478167797322e-07;-8.70475460601483e-08;1.2700749607574835e-07;-8.70475460601483e-08;5.677716217178386e-07;-7.936062473845595e-09;1.2700749607574835e-07;-7.936062473845595e-09;6.79191671792978e-08,1550140052312103,1550140052409310,74.78,0*98
wru,0,-0.000,0.37,-33,-92*e7
wru,1,0.001,0.27,-25,-98*e2
wru,2,-0.000,0.41,-26,-94*b0
wru,3,-0.001,0.40,-26,-86*f3
wrp,1550140052.392,-7.41,1.01,10.21,9.5,88.0,7.4,95.6,0*f2
wrx,79.38,-0.001,0.001,0.001,0.001,0.32,y,0*b8
wrt,0.37,0.27,0.41,0.40*a3
wrz,-0.001,0.001,0.001,y,0.32,0.001,8.063585710260668e-07;-8.134650641977714e-08;1.268645206664587e-07;-8.134650641977714e-08;5.703141141566448e-07;-4.957101840119549e-09;1.268645206664587e-07;-4.957101840119549e-09;6.82549909925001e-08,1550140052386884,1550140052528958,79.38,0*1c
wru,0,0.001,0.37,-34,-92*db
wru,1,0.001,0.27,-25,-100*c9
wru,2,-0.000,0.41,-26,-93*a5
wru,3,0.000,0.40,-26,-85*d0
wrx,85.24,-0.001,0.000,0.002,0.001,0.32,y,0*1d
wrt,0.37,0.27,0.41,0.40*a3
wrz,-0.001,0.000,0.002,y,0.32,0.001,8.057575087150326e-07;-8.765532300003542e-08;1.2540260740934173e-07;-8.765532300003542e-08;5.74630632854678e-07;-7.599623152998447e-09;1.2540260740934173e-07;-7.599623152998447e-09;6.843377775567205e-08,1550140052466268,1550140052648644,85.24,0*30
wru,0,0.002,0.37,-34,-90*fd
wru,1,0.002,0.27,-25,-99*cd
wru,2,0.002,0.41,-27,-92*2a
wru,3,0.001,0.40,-26,-84*32
wrp,1550140052.592,-7.42,1.01,10.22,9.5,88.0,7.3,95.4,0*b5
wrx,80.23,-0.002,0.001,0.001,0.001,0.32,y,0*e2
wrt,0.37,0.27,0.41,0.40*a3
wrz,-0.002,0.001,0.001,y,0.32,0.001,7.897962746028497e-07;-4.0229110709333327e-08;1.4010952043008729e-07;-4.0229110709333327e-08;4.997786504645774e-07;-1.0550580853418978e-08;1.4010952043008729e-07;-1.0550580853418978e-08;6.780307870712932e-08,1550140052551498,1550140052778314,80.23,0*15
wru,0,0.002,0.37,-33,-92*da
wru,1,0.001,0.27,-25,-99*e5
wru,2,0.000,0.41,-26,-93*82
wru,3,0.001,0.40,-26,-85*35
wrx,78.73,-0.001,0.000,0.002,0.001,0.32,y,0*96
wrt,0.37,0.27,0.41,0.40*a3
wrz,-0.001,0.000,0.002,y,0.32,0.001,7.63501702749636e-07;-3.0985269461325515e-08;1.26428048474736e-07;-3.0985269461325515e-08;5.213144618210208e-07;-1.1490025819682614e-08;1.26428048474736e-07;-1.1490025819682614e-08;6.587887924069946e-08,1550140052631726,1550140052779278,78.73,0*de
wru,0,0.002,0.37,-33,-92*da
wru,1,0.002,0.27,-25,-99*cd
wru,2,0.001,0.41,-26,-93*67
wru,3,0.001,0.40,-26,-85*35
wrx,79.05,-0.001,0.001,0.003,0.001,0.32,y,0*1e
wrt,0.37,0.27,0.41,0.40*a3
wrz,-0.001,0.001,0.003,y,0.32,0.001,7.733895017736359e-07;-1.8004453039566215e-08;1.2752742861721345e-07;-1.8004453039566215e-08;5.296319613989908e-07;-9.679533619078029e-09;1.2752742861721345e-07;-9.679533619078029e-09;6.712909339512407e-08,1550140052710459,1550140052898596,79.05,0*b4
wru,0,0.003,0.37,-33,-92*3f
wru,1,0.002,0.27,-25,-100*11
wru,2,0.002,0.41,-26,-94*5a
wru,3,0.002,0.40,-26,-86*14
wrp,1550140052.818,-7.41,1.01,10.22,9.5,88.0,7.2,95.3,0*7c
wrx,84.13,-0.003,0.002,-0.001,0.001,0.32,y,0*90
wrt,0.37,0.27,0.41,0.40*a3
wrz,-0.003,0.002,-0.001,y,0.32,0.001,7.565815849375213e-07;-2.879844629433137e-08;1.281663202234995e-07;-2.879844629433137e-08;5.04349827679107e-07;-4.388666319243839e-09;1.281663202234995e-07;-4.388666319243839e-09;6.49136353558788e-08,1550140052789513,1550140052899820,84.13,0*58
wru,0,0.000,0.37,-33,-91*1e
wru,1,-0.001,0.27,-25,-99*fd
wru,2,-0.003,0.41,-26,-92*8a
wru,3,-0.002,0.40,-27,-84*b7
wrx,82.45,-0.003,-0.002,-0.002,0.001,0.32,y,0*e7
wrt,0.37,0.27,0.41,0.40*a3
wrz,-0.003,-0.002,-0.002,y,0.32,0.001,7.384716695923998e-07;-3.917191193636427e-08;1.1872472072127493e-07;-3.917191193636427e-08;5.181494771022699e-07;-9.667679989888711e-09;1.1872472072127493e-07;-9.667679989888711e-09;6.343937997144167e-08,1550140052873633,1550140053018543,82.45,0*f0
wru,0,-0.001,0.37,-33,-90*0c
wru,1,-0.000,0.27,-25,-99*18
wru,2,-0.001,0.41,-26,-92*47
wru,3,-0.003,0.40,-26,-83*25
wrx,78.45,-0.002,-0.000,-0.001,0.001,0.32,y,0*05
wrt,0.37,0.27,0.41,0.40*a3
wrz,-0.002,-0.000,-0.001,y,0.32,0.001,7.560427093267208e-07;-5.7440377787543184e-08;1.2781387681570777e-07;-5.7440377787543184e-08;5.022947107136133e-07;-2.3724526787560762e-09;1.2781387681570777e-07;-2.3724526787560762e-09;6.435685406813718e-08,1550140052956087,1550140053138451,78.45,0*db
wru,0,-0.000,0.37,-33,-90*e9
wru,1,-0.000,0.27,-25,-98*1f
wru,2,-0.001,0.41,-26,-91*4e
wru,3,-0.002,0.40,-27,-84*b7
wrp,1550140053.042,-7.41,1.02,10.22,9.5,88.0,7.2,95.4,0*33
wrx,76.96,-0.002,0.002,-0.001,0.001,0.32,y,0*83
wrt,0.37,0.27,0.41,0.40*a3
wrz,-0.002,0.002,-0.001,y,0.32,0.001,7.537248052358336e-07;-4.363195671430731e-08;1.1860243631645062e-07;-4.363195671430731e-08;5.380849188441061e-07;-1.0531641336797293e-08;1.1860243631645062e-07;-1.0531641336797293e-08;6.465981527981057e-08,1550140053034533,1550140053139720,76.96,0*8c
wru,0,-0.000,0.37,-33,-90*e9
wru,1,-0.001,0.27,-25,-98*fa
wru,2,-0.002,0.41,-26,-91*66
wru,3,-0.001,0.40,-26,-83*e8
wrx,80.01,-0.003,0.000,-0.000,0.001,0.32,y,0*0b
wrt,0.37,0.27,0.41,0.40*a3
wrz,-0.003,0.000,-0.000,y,0.32,0.001,7.769450007799605e-07;-2.7863825025065125e-08;1.1953366652051045e-07;-2.7863825025065125e-08;5.730118459723599e-07;-2.3708524921062235e-08;1.1953366652051045e-07;-2.3708524921062235e-08;6.746280689640116e-08,1550140053111502,1550140053258555,80.01,0*ee
wru,0,0.001,0.37,-33,-90*fc
wru,1,0.000,0.27,-25,-98*07
wru,2,-0.001,0.41,-26,-92*47
wru,3,-0.001,0.40,-26,-83*e8
wrp,1550140053.242,-7.41,1.02,10.22,9.5,88.0,7.1,95.3,0*88
wrx,83.90,-0.001,0.002,0.001,0.001,0.32,y,0*ea
wrt,0.37,0.27,0.41,0.40*a3
wrz,-0.001,0.002,0.001,y,0.32,0.001,7.75715591316839e-07;-3.0340743251144886e-08;1.2635770474389574e-07;-3.0340743251144886e-08;5.364139497032738e-07;-7.701397741755045e-09;1.2635770474389574e-07;-7.701397741755045e-09;6.664233609399162e-08,1550140053191489,1550140053379018,83.90,0*16
wru,0,0.002,0.37,-33,-90*d4
wru,1,0.001,0.27,-25,-98*e2
wru,2,0.000,0.41,-26,-92*85
wru,3,0.001,0.40,-26,-84*32
wrx,79.48,-0.001,0.000,0.001,0.001,0.32,y,0*65
wrt,0.37,0.27,0.41,0.40*a3
wrz,-0.001,0.000,0.001,y,0.32,0.001,7.807187216712919e-07;-3.344134924532227e-08;1.275808472200879e-07;-3.344134924532227e-08;5.417434181254066e-07;-1.5934498165393052e-08;1.275808472200879e-07;-1.5934498165393052e-08;6.741932168097264e-08,1550140053275401,1550140053379903,79.48,0*32
wru,0,0.002,0.37,-33,-91*d3
wru,1,0.001,0.27,-25,-98*e2
wru,2,0.001,0.41,-27,-93*05
wru,3,0.001,0.40,-26,-85*35
wrx,77.60,-0.002,0.000,-0.001,0.001,0.32,y,0*94
wrt,0.37,0.27,0.41,0.40*a3
wrz,-0.002,0.000,-0.001,y,0.32,0.001,7.928014156277641e-07;2.8808144758585286e-09;1.3154101452528266e-07;2.8808144758585286e-09;5.432057719190198e-07;-1.4733269715350161e-08;1.3154101452528266e-07;-1.4733269715350161e-08;6.845375111197427e-08,1550140053354905,1550140053498394,77.60,0*90
wru,0,-0.000,0.37,-33,-90*e9
wru,1,-0.000,0.27,-25,-99*18
wru,2,-0.001,0.41,-26,-92*47
wru,3,-0.001,0.40,-27,-84*9f
wrp,1550140053.467,-7.41,1.02,10.22,9.5,88.0,7.1,95.3,0*f7
wrx,79.76,-0.001,-0.000,0.001,0.001,0.32,y,0*26
wrt,0.37,0.27,0.41,0.40*a3
wrz,-0.001,-0.000,0.001,y,0.32,0.001,7.573071911792795e-07;-1.9734113010372312e-08;1.2311089392369468e-07;-1.9734113010372312e-08;5.255636779111228e-07;-1.0404062500413147e-08;1.2311089392369468e-07;-1.0404062500413147e-08;6.518514084064009e-08,1550140053432504,1550140053619057,79.76,0*0a
wru,0,0.001,0.37,-33,-92*f2
wru,1,0.001,0.27,-25,-99*e5
wru,2,0.001,0.41,-26,-94*72
wru,3,0.000,0.40,-27,-86*bb
wrx,75.44,-0.003,0.002,-0.001,0.001,0.32,y,0*5a
wrt,0.37,0.27,0.41,0.40*a3
wrz,-0.003,0.002,-0.001,y,0.32,0.001,7.430700748045638e-07;-9.951536483754353e-09;1.2843598540257517e-07;-9.951536483754353e-09;4.933974082632631e-07;-1.9364406966815295e-08;1.2843598540257517e-07;-1.9364406966815295e-08;6.45420143996489e-08,1550140053512155,1550140053619963,75.44,0*d5
wru,0,0.000,0.37,-33,-91*1e
wru,1,-0.001,0.27,-25,-99*fd
wru,2,-0.002,0.41,-26,-93*68
wru,3,-0.002,0.40,-26,-85*d2
wrx,77.97,-0.003,-0.001,-0.001,0.001,0.32,y,0*e4
wrt,0.37,0.27,0.41,0.40*a3
wrz,-0.003,-0.001,-0.001,y,0.32,0.001,7.716070626884175e-07;-1.752625067297231e-08;1.3438337020943436e-07;-1.752625067297231e-08;5.037358619119914e-07;-1.537880933710767e-08;1.3438337020943436e-07;-1.537880933710767e-08;6.658033413486919e-08,1550140053587710,1550140053738565,77.97,0*0c
wru,0,0.000,0.37,-33,-89*33
wru,1,0.000,0.27,-25,-98*07
wru,2,-0.001,0.41,-26,-91*4e
wru,3,-0.002,0.40,-27,-83*a2
wrp,1550140053.692,-7.41,1.02,10.22,9.5,88.2,7.0,95.4,0*07
wrx,79.88,-0.002,-0.001,-0.003,0.001,0.32,y,0*88
wrt,0.37,0.27,0.41,0.40*a3
wrz,-0.002,-0.001,-0.003,y,0.32,0.001,7.36520348709746e-07;-5.335927699690046e-09;1.2811666749712458e-07;-5.335927699690046e-09;4.874385695075034e-07;-1.9018786545643707e-08;1.2811666749712458e-07;-1.9018786545643707e-08;6.455020695739222e-08,1550140053665669,1550140053858926,79.88,0*0a
wru,0,-0.002,0.37,-33,-88*09
wru,1,-0.001,0.27,-25,-98*fa
wru,2,-0.003,0.41,-26,-90*84
wru,3,-0.003,0.40,-26,-82*22
wrx,81.57,-0.003,-0.003,-0.002,0.001,0.32,y,0*37
wrt,0.37,0.27,0.41,0.40*a3
wrz,-0.003,-0.003,-0.002,y,0.32,0.001,7.8200667985584e-07;-3.477604693102876e-08;1.3575976254287525e-07;-3.477604693102876e-08;5.170304007151572e-07;-1.848656694392048e-08;1.3575976254287525e-07;-1.848656694392048e-08;6.811990971300474e-08,1550140053745390,1550140053859818,81.57,0*51
wru,0,-0.002,0.37,-33,-92*2a
wru,1,-0.001,0.27,-25,-99*fd
wru,2,-0.002,0.41,-27,-93*0a
wru,3,-0.004,0.40,-26,-86*8b
wrp,1550140053.892,-7.41,1.02,10.22,9.5,88.2,7.2,95.5,0*8b
wrx,79.41,-0.003,-0.005,-0.004,0.001,0.32,y,0*ef
wrt,0.37,0.27,0.41,0.40*a3
wrz,-0.003,-0.005,-0.004,y,0.32,0.001,7.583784622511303e-07;-4.255094054883557e-08;1.3087844763504108e-07;-4.255094054883557e-08;5.037264827478793e-07;-1.0810052408771753e-08;1.3087844763504108e-07;-1.0810052408771753e-08;6.658538609372044e-08,1550140053827113,1550140053979013,79.41,0*90
wru,0,-0.004,0.37,-33,-90*74
wru,1,-0.002,0.27,-25,-98*d2
wru,2,-0.003,0.41,-26,-91*83
wru,3,-0.006,0.40,-27,-84*2a
wrx,79.39,0.000,0.000,0.003,0.001,0.32,y,0*03
wrt,0.38,0.27,0.41,0.40*bd
wrz,0.000,0.000,0.003,y,0.32,0.001,8.682492307343637e-07;-1.204606689952925e-07;1.221201273438055e-07;-1.204606689952925e-07;6.631648830079939e-07;-1.2761288692431094e-09;1.221201273438055e-07;-1.2761288692431094e-09;7.344502961359467e-08,1550140053906535,1550140054098635,79.39,0*3d
wru,0,0.003,0.38,-33,-90*98
wru,1,0.003,0.27,-25,-98*2f
wru,2,0.003,0.41,-27,-91*c6
wru,3,0.003,0.40,-26,-84*ff
wrx,75.88,0.001,0.007,0.007,0.001,0.32,y,0*b3
wrt,0.37,0.27,0.41,0.40*a3
wrz,0.001,0.007,0.007,y,0.32,0.001,7.628513571944495e-07;-2.6577318124054727e-08;1.33106198063615e-07;-2.6577318124054727e-08;5.039680104346189e-07;-7.831154391624295e-09;1.33106198063615e-07;-7.831154391624295e-09;7.012720004695439e-08,1550140053985919,1550140054099438,75.88,0*dc
wru,0,0.008,0.37,-33,-90*24
wru,1,0.004,0.27,-25,-98*9a
wru,2,0.005,0.41,-26,-91*f4
wru,3,0.008,0.40,-26,-84*ea
wrp,1550140054.118,-7.41,1.02,10.22,9.5,87.9,6.7,95.1,0*15
wrx,79.19,0.003,0.004,0.006,0.001,0.32,y,0*de
wrt,0.37,0.27,0.41,0.40*a3
wrz,0.003,0.004,0.006,y,0.32,0.001,7.801405104146397e-07;2.408937227471597e-08;1.405056053727094e-07;2.408937227471597e-08;4.982634891348425e-07;-1.3512479135613376e-08;1.405056053727094e-07;-1.3512479135613376e-08;7.06796399185805e-08,1550140054061805,1550140054219029,79.19,0*66
wru,0,0.006,0.37,-33,-92*47
wru,1,0.004,0.27,-25,-95*b9
wru,2,0.005,0.41,-26,-92*fd
wru,3,0.007,0.40,-26,-86*6c
wrx,85.49,0.003,-0.007,0.006,0.001,0.32,y,0*81
wrt,0.37,0.27,0.41,0.40*a3
wrz,0.003,-0.007,0.006,y,0.32,0.001,7.960573498166923e-07;4.092240146746917e-08;1.306542003476352e-07;4.092240146746917e-08;5.598720917987521e-07;-1.8999514850293053e-08;1.306542003476352e-07;-1.8999514850293053e-08;7.17295591812217e-08,1550140054140960,1550140054338354,85.49,0*26
wru,0,0.003,0.37,-33,-90*31
wru,1,0.007,0.27,-25,-98*b2
wru,2,0.008,0.41,-26,-92*b8
wru,3,0.004,0.40,-26,-84*4a
wrx,77.34,-0.003,0.003,-0.003,0.001,0.32,y,0*a9
wrt,0.37,0.27,0.41,0.40*a3
wrz,-0.003,0.003,-0.003,y,0.32,0.001,7.801970127729874e-07;5.3808072664196516e-08;1.1793619592026516e-07;5.3808072664196516e-08;5.77947105284693e-07;-1.4617232757530019e-08;1.1793619592026516e-07;-1.4617232757530019e-08;6.768811999791069e-08,1550140054226473,1550140054339378,77.34,0*d4
wru,0,-0.001,0.37,-33,-90*0c
wru,1,-0.003,0.27,-25,-98*37
wru,2,-0.005,0.41,-26,-91*d3
wru,3,-0.003,0.40,-26,-83*25
wrp,1550140054.345,-7.41,1.02,10.22,9.5,87.7,6.8,95.1,0*e4
wrx,77.13,-0.003,-0.005,-0.004,0.001,0.32,y,0*0d
wrt,0.37,0.27,0.41,0.40*a3
wrz,-0.003,-0.005,-0.004,y,0.32,0.001,7.969844091348932e-07;2.1496118662867048e-08;1.2777994129464787e-07;2.1496118662867048e-08;5.669703000421578e-07;-1.0402716910107301e-08;1.2777994129464787e-07;-1.0402716910107301e-08;6.985554534821858e-08,1550140054303813,1550140054458857,77.13,0*d2
wru,0,-0.004,0.37,-33,-92*7a
wru,1,-0.001,0.27,-25,-99*fd
wru,2,-0.003,0.41,-25,-94*3e
wru,3,-0.006,0.40,-26,-85*4f
wrx,75.97,-0.001,0.003,-0.000,0.001,0.32,y,0*8e
wrt,0.37,0.27,0.41,0.40*a3
wrz,-0.001,0.003,-0.000,y,0.32,0.001,7.742917773612135e-07;3.996976971620825e-09;1.2260123583018867e-07;3.996976971620825e-09;5.521314392353815e-07;-1.3018709665857386e-08;1.2260123583018867e-07;-1.3018709665857386e-08;6.67208013283016e-08,1550140054380947,1550140054578516,75.97,0*41
wru,0,0.001,0.37,-33,-91*fb
wru,1,-0.001,0.27,-25,-99*fd
wru,2,-0.001,0.41,-26,-92*47
wru,3,0.000,0.40,-26,-85*d0
wrx,78.06,-0.000,-0.000,0.002,0.001,0.32,y,0*de
wrt,0.37,0.27,0.41,0.40*a3
wrz,-0.000,-0.000,0.002,y,0.32,0.001,7.725196269348089e-07;4.075503667877456e-08;1.197611538827914e-07;4.075503667877456e-08;5.56322049760638e-07;-8.17494782978656e-09;1.197611538827914e-07;-8.17494782978656e-09;6.656442508301552e-08,1550140054456882,1550140054579379,78.06,0*0c
wru,0,0.002,0.37,-33,-90*d4
wru,1,0.002,0.27,-25,-98*ca
wru,2,0.002,0.41,-26,-91*41
wru,3,0.002,0.40,-26,-83*0f
wrp,1550140054.592,-7.41,1.02,10.22,9.5,87.6,6.8,95.0,0*0f
wrx,79.04,-0.002,-0.002,-0.002,0.001,0.32,y,0*2b
wrt,0.37,0.27,0.41,0.40*a3
wrz,-0.002,-0.002,-0.002,y,0.32,0.001,7.962535732985998e-07;4.842335599164471e-08;1.2197941146041558e-07;4.842335599164471e-08;5.817700525767577e-07;-1.2094170998011577e-08;1.2197941146041558e-07;-1.2094170998011577e-08;6.855524503635024e-08,1550140054534973,1550140054708971,79.04,0*61
wru,0,-0.002,0.37,-33,-92*2a
wru,1,-0.001,0.27,-25,-100*81
wru,2,-0.002,0.41,-26,-94*7d
wru,3,-0.003,0.40,-26,-86*3e
wrx,79.13,-0.002,-0.002,-0.002,0.001,0.32,y,0*2b
wrt,0.37,0.27,0.41,0.40*a3
wrz,-0.002,-0.002,-0.002,y,0.32,0.001,8.06006880793575e-07;2.8171083243933026e-08;1.2706897223324631e-07;2.8171083243933026e-08;5.76262095819402e-07;-1.0944732231621401e-08;1.2706897223324631e-07;-1.0944732231621401e-08;6.96107349540398e-08,1550140054613992,1550140054828293,79.13,0*d7
wru,0,-0.002,0.37,-33,-90*24
wru,1,-0.001,0.27,-25,-99*fd
wru,2,-0.002,0.41,-26,-92*6f
wru,3,-0.003,0.40,-26,-84*30
wrx,80.28,-0.001,0.001,0.001,0.001,0.32,y,0*92
wrt,0.37,0.27,0.41,0.40*a3
wrz,-0.001,0.001,0.001,y,0.32,0.001,7.91053992088564e-07;4.603909697920017e-09;1.209576083738284e-07;4.603909697920017e-09;5.781689651485067e-07;-1.2723811337878033e-08;1.209576083738284e-07;-1.2723811337878033e-08;6.820261688744722e-08,1550140054692949,1550140054829160,80.28,0*20
wru,0,0.001,0.37,-34,-89*ff
wru,1,0.001,0.27,-25,-99*e5
wru,2,0.000,0.41,-26,-91*8c
wru,3,0.000,0.40,-25,-83*64
wrp,1550140054.817,-7.41,1.02,10.22,9.5,87.6,6.7,94.9,0*38
wrx,78.75,-0.001,0.003,0.004,0.001,0.32,y,0*9f
wrt,0.37,0.27,0.41,0.40*a3
wrz,-0.001,0.003,0.004,y,0.32,0.001,7.930885885798489e-07;5.4183960429554645e-08;1.2515660330336686e-07;5.4183960429554645e-08;5.720356739402632e-07;-2.2331182236712266e-08;1.2515660330336686e-07;-2.2331182236712266e-08;6.979053068789653e-08,1550140054773421,1550140054949037,78.75,0*4c
wru,0,0.004,0.37,-34,-92*a3
wru,1,0.003,0.27,-25,-100*a4
wru,2,0.003,0.41,-26,-94*bf
wru,3,0.004,0.40,-26,-86*44
wrx,78.48,-0.001,0.002,0.001,0.001,0.32,y,0*65
wrt,0.37,0.27,0.41,0.40*a3
wrz,-0.001,0.002,0.001,y,0.32,0.001,8.366502015633159e-07;7.944115054669965e-08;1.2562149720451998e-07;7.944115054669965e-08;6.214717132024816e-07;-1.9714942567361504e-08;1.2562149720451998e-07;-1.9714942567361504e-08;7.15757835223485e-08,1550140054852178,1550140055068729,78.48,0*e0
wru,0,0.002,0.37,-34,-91*fa
wru,1,0.000,0.27,-25,-98*07
wru,2,-0.000,0.41,-26,-92*a2
wru,3,0.001,0.40,-25,-84*94
wrx,78.94,-0.002,0.002,-0.002,0.001,0.32,y,0*ad
wrt,0.37,0.27,0.41,0.40*a3
wrz,-0.002,0.002,-0.002,y,0.32,0.001,8.07122148671624e-07;5.405971847949331e-08;1.2011643946152617e-07;5.405971847949331e-08;6.073651093174703e-07;-2.1369066516285784e-08;1.2011643946152617e-07;-2.1369066516285784e-08;7.006975266676818e-08,1550140054930657,1550140055069497,78.94,0*62
wru,0,-0.001,0.37,-34,-90*25
wru,1,-0.002,0.27,-25,-99*d5
wru,2,-0.003,0.41,-26,-91*83
wru,3,-0.002,0.40,-25,-83*66
wrp,1550140055.068,-7.41,1.02,10.22,9.5,87.7,6.7,95.0,0*f6
wrx,77.49,-0.001,-0.001,-0.003,0.001,0.32,y,0*33
wrt,0.37,0.27,0.41,0.40*a3
wrz,-0.001,-0.001,-0.003,y,0.32,0.001,7.814645641701645e-07;4.818878451828823e-08;1.1769596142130467e-07;4.818878451828823e-08;5.773971452072146e-07;-9.914098875185573e-09;1.1769596142130467e-07;-9.914098875185573e-09;6.785350592508621e-08,1550140055009602,1550140055188960,77.49,0*91
wru,0,-0.003,0.37,-33,-89*eb
wru,1,-0.002,0.27,-25,-98*d2
wru,2,-0.003,0.41,-26,-91*83
wru,3,-0.004,0.40,-25,-82*31
wrx,75.57,-0.001,0.003,-0.004,0.001,0.32,y,0*d0
wrt,0.37,0.27,0.41,0.40*a3
wrz,-0.001,0.003,-0.004,y,0.32,0.001,7.638378747287788e-07;3.1984566106757484e-08;1.1739401628574342e-07;3.1984566106757484e-08;5.566047320826328e-07;-1.0138351491661979e-08;1.1739401628574342e-07;-1.0138351491661979e-08;6.67509851837167e-08,1550140055087084,1550140055189899,75.57,0*9c
wru,0,-0.002,0.37,-33,-89*0e
wru,1,-0.004,0.27,-25,-98*82
wru,2,-0.004,0.41,-26,-90*31
wru,3,-0.003,0.40,-26,-82*22
wrx,74.83,0.006,-0.000,-0.004,0.001,0.32,y,0*3e
wrt,0.37,0.27,0.41,0.40*a3
wrz,0.006,-0.000,-0.004,y,0.32,0.001,7.993344866008556e-07;4.134150088930255e-08;1.145940800029166e-07;4.134150088930255e-08;6.133128067631333e-07;-3.060795350506851e-08;1.145940800029166e-07;-3.060795350506851e-08;7.140113922332603e-08,1550140055162660,1550140055308676,74.83,0*0e
wru,0,-0.005,0.37,-33,-92*9f
wru,1,-0.006,0.27,-25,-99*48
wru,2,-0.002,0.41,-26,-93*68
wru,3,-0.003,0.40,-26,-85*37
wrp,1550140055.292,-7.41,1.02,10.22,9.5,87.8,6.7,95.1,0*ee
wrx,78.15,0.013,-0.016,0.000,0.001,0.32,y,0*99
wrt,0.38,0.27,0.41,0.40*bd
wrz,0.013,-0.016,0.000,y,0.32,0.001,1.0929218206001678e-06;-3.142713467241265e-07;1.5593958124782148e-08;-3.142713467241265e-07;1.1239062587264925e-06;4.582651058626652e-08;1.5593958124782148e-08;4.582651058626652e-08;8.757750435961498e-08,1550140055237503,1550140055429058,78.15,0*d4
wru,0,-0.007,0.38,-33,-89*df
wru,1,0.001,0.27,-24,-98*80
wru,2,0.009,0.41,-26,-92*5d
wru,3,-0.001,0.40,-26,-83*e8
wrx,79.89,0.020,-0.015,-0.004,0.001,0.32,y,0*48
wrt,0.38,0.27,0.41,0.40*bd
wrz,0.020,-0.015,-0.004,y,0.32,0.001,1.0371370535722235e-06;-1.0178216314216115e-07;1.8709820359674723e-09;-1.0178216314216115e-07;1.0204784075540374e-06;-8.06853162060861e-09;1.8709820359674723e-09;-8.06853162060861e-09;8.678997431843527e-08,1550140055315645,1550140055430012,79.89,0*d7
wru,0,-0.013,0.38,-33,-89*f7
wru,1,-0.005,0.27,-25,-98*67
wru,2,0.006,0.41,-27,-90*b9
wru,3,-0.002,0.40,-25,-82*61
wrx,83.26,0.032,-0.001,-0.005,0.001,0.32,y,0*8c
wrt,0.38,0.27,0.41,0.40*bd
wrz,0.032,-0.001,-0.005,y,0.32,0.001,1.2848735195802874e-06;-2.4471964366057364e-07;-1.0446890996718139e-07;-2.4471964366057364e-07;1.1126339813927189e-06;3.2033167229883475e-08;-1.0446890996718139e-07;3.2033167229883475e-08;1.0051380883169259e-07,1550140055395526,1550140055548665,83.26,0*dd
wru,0,-0.014,0.38,-33,-90*68
wru,1,-0.013,0.27,-25,-99*85
wru,2,0.004,0.41,-26,-92*18
wru,3,0.003,0.40,-25,-84*59
wrp,1550140055.517,-7.41,1.02,10.21,9.5,87.8,6.1,95.0,0*dc
wrx,78.80,0.044,-0.013,-0.009,0.001,0.32,y,0*7a
wrt,0.38,0.27,0.41,0.40*bd
wrz,0.044,-0.013,-0.009,y,0.32,0.001,1.6287718835883425e-06;1.0396241378884952e-07;-1.6955262083229172e-07;1.0396241378884952e-07;1.4165243555908091e-06;-1.005041880830504e-07;-1.6955262083229172e-07;-1.005041880830504e-07;1.3811511223593698e-07,1550140055478795,1550140055669034,78.80,0*dc
wru,0,-0.023,0.38,-31,-91*c6
wru,1,-0.016,0.27,-26,-99*5b
wru,2,0.007,0.41,-25,-92*96
wru,3,0.000,0.40,-26,-85*d0
wrx,77.17,0.039,-0.010,-0.009,0.001,0.32,y,0*b1
wrt,0.38,0.26,0.41,0.40*a2
wrz,0.039,-0.010,-0.009,y,0.32,0.001,8.440829901701363e-07;-9.031862902020293e-08;5.9576120037263536e-08;-9.031862902020293e-08;5.526623567675415e-07;-1.3082568361966196e-09;5.9576120037263536e-08;-1.3082568361966196e-09;6.697113263953725e-08,1550140055557572,1550140055669889,77.17,0*eb
wru,0,-0.021,0.38,-30,-90*6e
wru,1,-0.016,0.26,-33,-99*e6
wru,2,0.005,0.41,-24,-92*39
wru,3,-0.000,0.40,-27,-84*7a
wrx,76.56,0.034,-0.016,-0.009,0.001,0.34,y,0*f0
wrt,0.41,0.31,0.41,0.40*9a
wrz,0.034,-0.016,-0.009,y,0.34,0.001,8.10522351457621e-07;7.913885013977051e-08;4.572987322148947e-09;7.913885013977051e-08;7.514092885685386e-07;-4.3696296359030384e-08;4.572987322148947e-09;-4.3696296359030384e-08;7.092327791724529e-08,1550140055634777,1550140055788569,76.56,0*9b
wru,0,-0.022,0.41,-28,-92*df
wru,1,-0.014,0.31,-34,-99*02
wru,2,0.005,0.41,-25,-94*49
wru,3,-0.004,0.40,-34,-86*66
wrp,1550140055.717,-7.41,1.02,10.21,9.5,88.6,7.2,95.5,0*7e
wrx,78.38,0.030,-0.042,-0.006,0.001,0.34,y,0*2d
wrt,0.41,0.32,0.41,0.41*bc
wrz,0.030,-0.042,-0.006,y,0.34,0.001,8.004739697753394e-07;3.069733978122713e-08;-3.396725034576775e-08;3.069733978122713e-08;8.854570978655829e-07;2.639091967182594e-08;-3.396725034576775e-08;2.639091967182594e-08;6.155755727377255e-08,1550140055711329,1550140055908510,78.38,0*b5
wru,0,-0.026,0.41,-26,-91*19
wru,1,-0.001,0.32,-28,-99*fb
wru,2,0.013,0.41,-27,-93*7d
wru,3,-0.007,0.41,-26,-85*d3
wrx,75.95,0.068,0.019,0.030,0.001,0.34,y,0*bd
wrt,0.41,0.32,0.41,0.41*bc
wrz,0.068,0.019,0.030,y,0.34,0.001,1.1658484027066152e-06;1.4294877814791107e-07;1.5780857154368277e-07;1.4294877814791107e-07;6.937469834156218e-07;6.192321677644941e-08;1.5780857154368277e-07;6.192321677644941e-08;1.5127261576708406e-07,1550140055787939,1550140055909342,75.95,0*f7
wru,0,0.014,0.41,-26,-91*fc
wru,1,0.005,0.32,-27,-99*4e
wru,2,0.041,0.41,-28,-92*e8
wru,3,0.052,0.41,-26,-85*0b
wrp,1550140055.945,-7.42,1.03,10.20,9.5,89.4,7.3,94.9,0*74
wrx,81.69,0.063,0.016,0.004,0.001,0.34,y,0*1c
wrt,0.40,0.32,0.41,0.41*be
wrz,0.063,0.016,0.004,y,0.34,0.001,1.2579755548358662e-06;-5.30435535495144e-08;-3.916295288064475e-09;-5.30435535495144e-08;9.672331771071185e-07;8.451919342178371e-08;-3.916295288064475e-09;8.451919342178371e-08;8.176942145610155e-08,1550140055865662,1550140056028976,81.69,0*89
wru,0,-0.008,0.40,-26,-89*4d
wru,1,-0.017,0.32,-26,-98*4b
wru,2,0.017,0.41,-25,-91*2a
wru,3,0.024,0.41,-27,-82*2e
wrx,77.80,0.061,0.019,-0.011,0.001,0.34,y,0*21
wrt,0.40,0.32,0.41,0.40*b9
wrz,0.061,0.019,-0.011,y,0.34,0.001,1.7186816876346711e-06;-3.708128133439459e-07;-4.2412928280555207e-08;-3.708128133439459e-07;1.3750559446634725e-06;-4.876213566262777e-08;-4.2412928280555207e-08;-4.876213566262777e-08;1.1171714220381546e-07,1550140055947169,1550140056148465,77.80,0*11
wru,0,-0.022,0.40,-26,-91*fd
wru,1,-0.032,0.32,-26,-100*f4
wru,2,0.001,0.41,-27,-92*02
wru,3,0.012,0.40,-26,-85*a8
wrx,77.06,0.077,0.009,-0.001,0.002,0.34,y,0*a3
wrt,0.40,0.32,0.41,0.39*ed
wrz,0.077,0.009,-0.001,y,0.34,0.002,2.330161805730313e-06;3.3840601076917665e-07;8.266374251775233e-09;3.3840601076917665e-07;1.7805745073928847e-06;-8.124892048044785e-08;8.266374251775233e-09;-8.124892048044785e-08;1.4885975474498991e-07,1550140056025144,1550140056149318,77.06,0*79
wru,0,-0.020,0.40,-26,-90*37
wru,1,-0.024,0.32,-27,-98*d9
wru,2,0.016,0.41,-27,-92*02
wru,3,0.023,0.39,-26,-84*35
wrp,1550140056.145,-7.41,1.04,10.20,9.5,91.4,6.8,93.5,0*dc
wrx,84.30,0.076,-0.021,0.002,0.002,0.34,y,0*d9
wrt,0.40,0.32,0.42,0.39*96
wrz,0.076,-0.021,0.002,y,0.34,0.002,2.492676458132337e-06;-1.4964042804876954e-07;-5.1229442021849536e-08;-1.4964042804876954e-07;1.9990354758192552e-06;-1.0223487834082334e-07;-5.1229442021849536e-08;-1.0223487834082334e-07;1.7024449050495605e-07,1550140056102198,1550140056268936,84.30,0*9b
wru,0,-0.024,0.40,-24,-93*67
wru,1,-0.014,0.32,-27,-100*6e
wru,2,0.028,0.42,-24,-94*88
wru,3,0.016,0.39,-34,-87*71
wrx,75.46,0.075,-0.005,-0.024,0.002,0.34,y,0*ca
wrt,0.41,0.32,0.41,0.39*ef
wrz,0.075,-0.005,-0.024,y,0.34,0.002,2.880811052818899e-06;-2.8698503129476194e-08;-6.465180604209309e-07;-2.8698503129476194e-08;1.2617672382475575e-06;-5.510817757681252e-08;-6.465180604209309e-07;-5.510817757681252e-08;2.592220198494033e-07,1550140056186468,1550140056388505,75.46,0*a8
wru,0,-0.044,0.41,-25,-91*c5
wru,1,-0.041,0.32,-29,-99*43
wru,2,-0.000,0.41,-26,-93*a5
wru,3,-0.003,0.39,-25,-85*36
wrx,78.80,0.080,-0.023,-0.022,0.001,0.35,y,0*dc
wrt,0.41,0.34,0.41,0.40*f9
wrz,0.080,-0.023,-0.022,y,0.35,0.001,2.0098761979170376e-06;-3.176205609634053e-07;-7.529169465669838e-08;-3.176205609634053e-07;1.5561191730739665e-06;2.306187809608673e-07;-7.529169465669838e-08;2.306187809608673e-07;1.876884851981231e-07,1550140056261957,1550140056389313,78.80,0*10
wru,0,-0.049,0.41,-26,-90*21
wru,1,-0.036,0.34,-34,-99*38
wru,2,0.007,0.41,-25,-92*96
wru,3,-0.005,0.40,-25,-84*c6
wrp,1550140056.392,-7.41,1.07,10.21,9.5,91.1,7.4,94.4,0*60
wrx,74.89,0.094,-0.046,-0.017,0.002,0.37,y,0*8b
wrt,0.41,0.40,0.42,0.41*6d
wrz,0.094,-0.046,-0.017,y,0.37,0.002,3.126800493191695e-06;-6.567282184732903e-07;-4.519193623764295e-07;-6.567282184732903e-07;2.009373702094308e-06;6.678725128494989e-08;-4.519193623764295e-07;6.678725128494989e-08;2.194470738459131e-07,1550140056340774,1550140056509012,74.89,0*4f
wru,0,-0.054,0.41,-25,-90*77
wru,1,-0.029,0.40,-31,-99*14
wru,2,0.022,0.42,-25,-91*01
wru,3,-0.003,0.41,-30,-84*2b
wrx,81.14,0.097,-0.029,-0.014,0.002,0.36,y,0*af
wrt,0.42,0.40,0.41,0.40*17
wrz,0.097,-0.029,-0.014,y,0.36,0.002,2.2784854536439525e-06;-6.853498462078278e-07;-1.495155146358229e-07;-6.853498462078278e-07;1.5509459672102821e-06;1.6551744863591011e-07;-1.495155146358229e-07;1.6551744863591011e-07;1.354631962158237e-07,1550140056415652,1550140056628343,81.14,0*1c
wru,0,-0.049,0.42,-27,-88*e5
wru,1,-0.031,0.40,-30,-98*f9
wru,2,0.020,0.41,-26,-90*e6
wru,3,0.006,0.40,-26,-82*95
wrx,78.50,0.094,-0.026,-0.000,0.001,0.37,y,0*da
wrt,0.41,0.42,0.42,0.40*54
wrz,0.094,-0.026,-0.000,y,0.37,0.001,1.884112975858443e-06;-2.1400300909135694e-07;3.324346664612676e-08;-2.1400300909135694e-07;1.0550713795964839e-06;-3.933547887413624e-08;3.324346664612676e-08;-3.933547887413624e-08;8.57082085303773e-08,1550140056496800,1550140056629477,78.50,0*37
wru,0,-0.034,0.41,-28,-91*33
wru,1,-0.018,0.42,-27,-98*be
wru,2,0.032,0.42,-25,-93*ba
wru,3,0.019,0.40,-25,-85*1b
wrp,1550140056.617,-7.43,1.07,10.20,9.5,89.4,6.8,94.4,0*56
wrx,79.35,0.091,-0.026,0.006,0.001,0.37,y,0*84
wrt,0.42,0.44,0.41,0.40*6b
wrz,0.091,-0.026,0.006,y,0.37,0.001,2.0040879462612793e-06;-3.3432877444283804e-07;1.6302954009006498e-07;-3.3432877444283804e-07;1.1453823844931321e-06;-4.7666897984299794e-08;1.6302954009006498e-07;-4.7666897984299794e-08;1.0545807072048774e-07,1550140056575305,1550140056758979,79.35,0*4b
wru,0,-0.027,0.42,-26,-91*77
wru,1,-0.012,0.44,-27,-100*f3
wru,2,0.036,0.41,-27,-93*68
wru,3,0.023,0.40,-25,-86*3a
wrx,76.66,0.092,0.005,0.003,0.002,0.37,y,0*a4
wrt,0.41,0.42,0.42,0.40*54
wrz,0.092,0.005,0.003,y,0.37,0.002,3.114674427706632e-06;5.1685688617908454e-08;-2.310158748741742e-07;5.1685688617908454e-08;1.93679943549796e-06;-7.035229998564319e-08;-2.310158748741742e-07;-7.035229998564319e-08;1.9611742629876971e-07,1550140056654661,1550140056759581,76.66,0*ad
wru,0,-0.021,0.41,-25,-91*0a
wru,1,-0.024,0.42,-25,-96*28
wru,2,0.027,0.42,-26,-92*d6
wru,3,0.029,0.40,-27,-84*00
wrx,78.11,0.115,0.007,-0.001,0.002,0.37,y,0*94
wrt,0.41,0.42,0.42,0.40*54
wrz,0.115,0.007,-0.001,y,0.37,0.002,2.9227194318082184e-06;8.080847635483224e-08;-9.359894903582244e-08;8.080847635483224e-08;1.5433722637681058e-06;-3.1995995186662185e-08;-9.359894903582244e-08;-3.1995995186662185e-08;1.3612377358640515e-07,1550140056731324,1550140056878501,78.11,0*87
wru,0,-0.030,0.41,-28,-91*ae
wru,1,-0.035,0.42,-25,-99*55
wru,2,0.028,0.42,-25,-92*f8
wru,3,0.032,0.40,-26,-85*c5
wrp,1550140056.842,-7.42,1.09,10.18,9.5,88.1,6.6,95.5,0*88
wrx,78.34,0.102,0.004,-0.002,0.002,0.37,y,0*e7
wrt,0.42,0.44,0.41,0.40*6b
wrz,0.102,0.004,-0.002,y,0.37,0.002,2.7371913802198833e-06;-4.053144948557019e-07;-6.588758338921252e-08;-4.053144948557019e-07;1.7061779544746969e-06;6.291015353099283e-08;-6.588758338921252e-08;6.291015353099283e-08;1.3765856010650168e-07,1550140056809430,1550140056998553,78.34,0*dc
wru,0,-0.028,0.42,-25,-90*5e
wru,1,-0.031,0.44,-26,-98*78
wru,2,0.025,0.41,-26,-92*90
wru,3,0.027,0.40,-25,-84*a9
wrx,74.74,0.116,0.006,-0.005,0.001,0.37,y,0*97
wrt,0.42,0.44,0.41,0.40*6b
wrz,0.116,0.006,-0.005,y,0.37,0.001,2.0044765278726118e-06;1.5776282680235454e-07;-6.747752934188611e-08;1.5776282680235454e-07;7.233473979795235e-07;3.1679608269996606e-08;-6.747752934188611e-08;3.1679608269996606e-08;6.332376756290614e-08,1550140056887757,1550140056999420,74.74,0*70
wru,0,-0.033,0.42,-28,-91*0d
wru,1,-0.038,0.44,-26,-98*a0
wru,2,0.025,0.41,-26,-92*90
wru,3,0.027,0.40,-27,-84*6d
wrx,77.96,0.112,0.006,-0.016,0.001,0.37,y,0*80
wrt,0.41,0.42,0.41,0.40*2f
wrz,0.112,0.006,-0.016,y,0.37,0.001,2.2203964817890665e-06;-5.3174627367980065e-08;-1.4456615815561236e-07;-5.3174627367980065e-08;9.440473149879836e-07;3.582524499279316e-09;-1.4456615815561236e-07;3.582524499279316e-09;1.063632524278546e-07,1550140056962511,1550140057128522,77.96,0*c2
wru,0,-0.044,0.41,-27,-91*01
wru,1,-0.047,0.42,-26,-99*3c
wru,2,0.014,0.41,-26,-93*aa
wru,3,0.018,0.40,-29,-84*6f
wrp,1550140057.092,-7.42,1.12,10.18,9.5,88.8,6.1,97.4,0*24
wrx,81.58,0.111,-0.014,-0.010,0.002,0.37,y,0*71
wrt,0.41,0.44,0.41,0.40*6d
wrz,0.111,-0.014,-0.010,y,0.37,0.002,2.1965736323181773e-06;-4.1258326177739946e-07;-1.2856376940817427e-07;-4.1258326177739946e-07;9.376581147080287e-07;1.5687678711628905e-08;-1.2856376940817427e-07;1.5687678711628905e-08;8.258120942628011e-08,1550140057040474,1550140057248555,81.58,0*b0
wru,0,-0.041,0.41,-25,-90*ba
wru,1,-0.037,0.44,-29,-98*18
wru,2,0.028,0.41,-27,-92*b7
wru,3,0.017,0.40,-27,-84*b5
wrx,78.94,0.107,-0.033,-0.005,0.002,0.36,y,0*16
wrt,0.40,0.42,0.41,0.40*2d
wrz,0.107,-0.033,-0.005,y,0.36,0.002,2.630343487908249e-06;-5.854621463186049e-07;1.0897728941472451e-08;-5.854621463186049e-07;1.5720346482339664e-06;2.8304874000184554e-09;1.0897728941472451e-08;2.8304874000184554e-09;1.2721463349407713e-07,1550140057122046,1550140057249387,78.94,0*01
wru,0,-0.043,0.40,-27,-91*cd
wru,1,-0.024,0.42,-25,-99*05
wru,2,0.032,0.41,-28,-92*c2
wru,3,0.017,0.40,-41,-84*08
wrx,76.25,0.129,-0.032,-0.007,0.003,0.36,y,0*f1
wrt,0.41,0.41,0.41,0.40*0e
wrz,0.129,-0.032,-0.007,y,0.36,0.003,8.345114110852592e-06;4.354466454969952e-06;2.176850877333436e-08;4.354466454969952e-06;7.008770353422733e-06;3.2197951327361807e-07;2.176850877333436e-08;3.2197951327361807e-07;3.0473614742732025e-07,1550140057200983,1550140057378526,76.25,0*80
wru,0,-0.050,0.41,-27,-91*29
wru,1,-0.035,0.41,-28,-99*2a
wru,2,0.038,0.41,-25,-93*c1
wru,3,0.015,0.40,-48,-86*b0
wrp,1550140057.318,-7.43,1.15,10.19,9.5,90.0,6.8,98.0,0*21
wrx,78.76,0.128,-0.031,-0.010,0.002,0.38,y,0*07
wrt,0.42,0.44,0.42,0.20*6e
wrz,0.128,-0.031,-0.010,y,0.38,0.002,3.1430301987711573e-06;-3.5626905514618556e-07;5.876103159607737e-08;-3.5626905514618556e-07;3.471249783615349e-06;8.310536259159562e-07;5.876103159607737e-08;8.310536259159562e-07;3.246678659252211e-07,1550140057277252,1550140057379730,78.76,0*28
wru,0,-0.047,0.42,-30,-88*88
wru,1,-0.037,0.44,-26,-97*05
wru,2,0.036,0.42,-27,-91*ed
wru,3,-0.001,0.20,-51,-82*6e
wrx,84.45,0.099,-0.030,-0.010,0.002,0.37,y,0*10
wrt,0.41,0.42,0.41,0.42*21
wrz,0.099,-0.030,-0.010,y,0.37,0.002,4.338749477028614e-06;1.6508223552591517e-06;2.687845039872627e-07;1.6508223552591517e-06;2.905037035816349e-06;2.2632522700405389e-07;2.687845039872627e-07;2.2632522700405389e-07;1.9642286019916355e-07,1550140057355997,1550140057498663,84.45,0*aa
wru,0,-0.044,0.41,-25,-89*e8
wru,1,-0.029,0.42,-25,-97*6a
wru,2,0.026,0.41,-26,-91*b1
wru,3,-0.006,0.42,-49,-83*69
wrx,108.65,0.120,-0.034,-0.003,0.001,0.90,y,0*7f
wrt,0.41,0.44,0.42,2.68*28
wrz,0.120,-0.034,-0.003,y,0.90,0.001,1.5921400517981965e-06;-4.3828327989103855e-07;-4.855757040900244e-08;-4.3828327989103855e-07;3.0581642818106047e-07;-1.610877831126345e-08;-4.855757040900244e-08;-1.610877831126345e-08;1.7959335352202288e-08,1550140057440952,1550140057618533,108.65,0*03
wru,0,-0.043,0.41,-27,-89*99
wru,1,-0.027,0.44,-28,-97*e2
wru,2,0.040,0.42,-27,-90*b8
wru,3,0.020,2.68,-49,-82*c5
wrp,1550140057.544,-7.44,1.17,10.18,9.5,89.7,7.2,98.6,0*7b
wrx,106.46,0.128,-0.033,-0.005,0.001,0.90,y,0*46
wrt,0.41,0.44,0.42,2.67*05
wrz,0.128,-0.033,-0.005,y,0.90,0.001,1.812240270737675e-06;-4.604708294664306e-07;-9.46015319414073e-08;-4.604708294664306e-07;2.4335034254363563e-07;2.0849441284553905e-08;-9.46015319414073e-08;2.0849441284553905e-08;1.746032474159165e-08,1550140057549592,1550140057738542,106.46,0*3a
wru,0,-0.050,0.41,-27,-92*20
wru,1,-0.030,0.44,-26,-99*9a
wru,2,0.038,0.42,-26,-94*f9
wru,3,0.021,2.67,-47,-86*c7
wrp,1550140057.767,-7.44,1.19,10.17,9.5,89.0,7.7,99.2,0*f3
wrx,111.42,0.141,-0.015,-0.000,0.001,0.91,n,0*f0
wrt,0.41,0.42,0.42,2.75*5c
wrz,0.141,-0.015,-0.000,n,0.91,0.001,2.0911727460770635e-06;-2.372328680166902e-07;-5.877662356823521e-09;-2.372328680166902e-07;9.746445783775926e-08;-4.597924707638867e-09;-5.877662356823521e-09;-4.597924707638867e-09;5.949294834550756e-09,1550140057656063,1550140057858863,111.42,0*81
wru,0,-0.045,0.41,-26,-96*93
wru,1,-0.033,0.42,-29,-100*8c
wru,2,0.039,0.42,-27,-98*5a
wru,3,0.035,2.75,-41,-91*3e
wrx,115.49,0.131,0.013,-0.011,0.001,0.90,n,0*71
wrt,0.41,0.44,0.42,2.70*05
wrz,0.131,0.013,-0.011,n,0.90,0.001,1.9232372778787976e-06;1.5087988458617474e-07;-1.7685925968180527e-07;1.5087988458617474e-07;1.8544255908636842e-07;2.5150646010274613e-09;-1.7685925968180527e-07;2.5150646010274613e-09;3.1436538705520434e-08,1550140057767349,1550140057988577,115.49,0*0b
wru,0,-0.044,0.41,-26,-91*63
wru,1,-0.049,0.44,-28,-98*15
wru,2,0.021,0.42,-31,-94*94
wru,3,0.029,2.70,-43,-85*7c
wrp,1550140057.967,-7.45,1.21,10.15,9.5,89.0,7.3,100.2,0*a9
wrx,107.79,0.121,-0.010,-0.011,0.001,0.91,y,0*b7
wrt,0.41,0.42,0.42,2.73*4e
wrz,0.121,-0.010,-0.011,y,0.91,0.001,1.5511312767557683e-06;-1.2994914300179516e-07;-1.2341260458015313e-07;-1.2994914300179516e-07;1.6337949659828155e-07;-2.4733104453389387e-08;-1.2341260458015313e-07;-2.4733104453389387e-08;2.7849630157561478e-08,1550140057882985,1550140058109016,107.79,0*0f
wru,0,-0.046,0.41,-29,-94*85
wru,1,-0.039,0.42,-26,-99*53
wru,2,0.018,0.42,-43,-96*81
wru,3,0.020,2.73,-46,-89*e6
wrx,106.72,0.113,-0.007,0.003,0.001,1.33,y,0*3b
wrt,0.41,0.44,2.19,2.77*7c
wrz,0.113,-0.007,0.003,y,1.33,0.001,1.3990716070111375e-06;-3.289861894018031e-08;3.361249056865745e-08;-3.289861894018031e-08;2.529400831008388e-07;-5.733039643018856e-08;3.361249056865745e-08;-5.733039643018856e-08;2.0687304314037647e-08,1550140057991073,1550140058228610,106.72,0*95
wru,0,-0.030,0.41,-26,-89*d1
wru,1,-0.031,0.44,-26,-97*55
wru,2,0.037,2.19,-50,-91*c1
wru,3,0.032,2.77,-44,-83*8f
wrp,1550140058.168,-7.45,1.23,10.15,9.5,89.6,6.7,100.2,0*2d
wrx,106.06,0.098,-0.008,-0.006,0.001,1.34,y,0*54
wrt,0.44,0.42,2.24,2.75*9e
wrz,0.098,-0.008,-0.006,y,1.34,0.001,1.1073276482420624e-06;7.234757504193112e-08;-5.685788906362177e-08;7.234757504193112e-08;2.105568199795016e-07;-1.0173763165255423e-08;-5.685788906362177e-08;-1.0173763165255423e-08;1.0753081980396928e-08,1550140058097805,1550140058348375,106.06,0*7f
wru,0,-0.033,0.44,-34,-96*b6
wru,1,-0.029,0.42,-27,-102*e7
wru,2,0.023,2.24,-46,-98*57
wru,3,0.019,2.75,-43,-92*3e
wrx,104.16,0.099,-0.011,0.012,0.001,1.36,y,0*84
wrt,0.42,0.44,2.22,2.87*eb
wrz,0.099,-0.011,0.012,y,1.36,0.001,1.183993276754336e-06;-5.3094034058176476e-08;7.18790289511162e-08;-5.3094034058176476e-08;1.4379169499534328e-07;-2.0733748939960606e-08;7.18790289511162e-08;-2.0733748939960606e-08;3.3245381558799636e-08,1550140058203886,1550140058349436,104.16,0*bd
wru,0,-0.019,0.42,-28,-91*90
wru,1,-0.008,0.44,-26,-98*78
wru,2,0.040,2.22,-49,-93*d8
wru,3,0.035,2.87,-47,-85*d8
wrp,1550140058.392,-7.46,1.25,10.15,9.5,87.6,7.9,99.7,0*9b
wrx,105.00,0.078,-0.034,0.027,0.001,1.36,y,0*0e
wrt,0.42,0.42,2.32,2.78*98
wrz,0.078,-0.034,0.027,y,1.36,0.001,7.500159426854225e-07;-2.211497047710509e-07;2.0039405512761732e-07;-2.211497047710509e-07;2.644785297434282e-07;-1.0014564821858585e-07;2.0039405512761732e-07;-1.0014564821858585e-07;8.312601096349681e-08,1550140058308042,1550140058469153,105.00,0*2d
wru,0,-0.005,0.42,-28,-93*8b
wru,1,0.012,0.42,-27,-99*51
wru,2,0.055,2.32,-44,-94*9c
wru,3,0.036,2.78,-43,-86*89
wrx,107.35,0.071,-0.011,0.028,0.001,1.36,y,0*86
wrt,0.42,0.42,2.31,2.78*e3
wrz,0.071,-0.011,0.028,y,1.36,0.001,5.826929623253818e-07;-6.821983333793469e-08;1.847235040486339e-07;-6.821983333793469e-08;1.0384586346390279e-07;-2.0425042990268594e-08;1.847235040486339e-07;-2.0425042990268594e-08;8.433314491185229e-08,1550140058413051,1550140058588556,107.35,0*cf
wru,0,0.002,0.42,-26,-90*95
wru,1,0.010,0.42,-28,-98*ab
wru,2,0.047,2.31,-47,-92*db
wru,3,0.042,2.78,-44,-84*31
wrp,1550140058.592,-7.46,1.27,10.14,9.5,87.9,8.1,97.9,0*4e
wrx,110.88,0.028,0.029,-0.005,0.001,1.36,y,0*82
wrt,0.42,0.42,2.31,2.77*ce
wrz,0.028,0.029,-0.005,y,1.36,0.001,1.8120148581601825e-07;7.05459086702831e-08;-7.355729358948793e-09;7.05459086702831e-08;1.9725186461982958e-07;-2.5030717054619345e-08;-7.355729358948793e-09;-2.5030717054619345e-08;1.2152641559737276e-08,1550140058520254,1550140058708982,110.88,0*b2
wru,0,-0.004,0.42,-25,-97*86
wru,1,-0.019,0.42,-25,-101*ba
wru,2,-0.006,2.31,-50,-99*f2
wru,3,0.012,2.77,-49,-92*04
wrx,103.71,0.012,0.016,-0.001,0.000,1.31,y,0*12
wrt,0.41,0.42,2.12,2.77*0a
wrz,0.012,0.016,-0.001,y,1.31,0.000,1.0249051740629511e-07;-1.5809821007906066e-08;-3.519446067912213e-09;-1.5809821007906066e-08;1.1406986999418223e-07;-4.268636555337935e-09;-3.519446067912213e-09;-4.268636555337935e-09;6.5090905998488324e-09,1550140058631244,1550140058828694,103.71,0*d1
wru,0,-0.000,0.41,-29,-91*14
wru,1,-0.008,0.42,-25,-99*c8
wru,2,-0.002,2.12,-48,-93*32
wru,3,0.007,2.77,-43,-85*14
wrp,1550140058.842,-7.46,1.29,10.14,9.5,89.9,10.5,98.2,0*1b
wrx,105.40,0.002,0.008,0.006,0.000,1.31,y,0*c7
wrt,0.40,0.42,2.12,2.77*08
wrz,0.002,0.008,0.006,y,1.31,0.000,4.212377646695131e-08;1.9859651700926406e-09;1.6509020817068176e-09;1.9859651700926406e-09;4.9422791192910154e-08;2.9294835446336265e-09;1.6509020817068176e-09;2.9294835446336265e-09;7.128788670485164e-09,1550140058734967,1550140058949352,105.40,0*55
wru,0,0.007,0.40,-28,-91*4a
wru,1,0.003,0.42,-25,-98*c2
wru,2,0.004,2.12,-48,-93*45
wru,3,0.009,2.77,-43,-85*79
wrx,105.33,-0.003,0.042,0.006,0.001,1.31,y,0*46
wrt,0.40,0.42,2.12,2.77*08
wrz,-0.003,0.042,0.006,y,1.31,0.001,1.0748924239578628e-07;1.7140858732389574e-09;-1.0005039463578669e-08;1.7140858732389574e-09;2.7511583766681724e-07;1.6008028680403186e-08;-1.0005039463578669e-08;1.6008028680403186e-08;1.238036606565629e-08,1550140058840366,1550140059068852,105.33,0*af
wru,0,0.017,0.40,-27,-91*cf
wru,1,-0.005,0.42,-25,-99*8d
wru,2,-0.007,2.12,-49,-92*2f
wru,3,0.016,2.77,-43,-84*43
wrx,103.97,0.012,0.069,0.016,0.001,1.32,y,0*2f
wrt,0.40,0.41,2.17,2.77*a4
wrz,0.012,0.069,0.016,y,1.32,0.001,9.844460180374881e-08;1.3334425830180408e-07;2.407799470915961e-08;1.3334425830180408e-07;5.565246965488768e-07;1.043207120687839e-07;2.407799470915961e-08;1.043207120687839e-07;3.161425965458875e-08,1550140058945656,1550140059188720,103.97,0*6d
wru,0,0.030,0.40,-29,-90*42
wru,1,-0.006,0.41,-27,-98*ed
wru,2,-0.001,2.17,-48,-92*87
wru,3,0.038,2.77,-43,-84*43
wrp,1550140059.117,-7.46,1.29,10.12,9.5,89.5,10.7,98.8,0*fc
wrx,113.07,0.019,0.106,-0.007,0.001,1.30,y,0*c7
wrt,0.40,0.42,2.11,2.75*7d
wrz,0.019,0.106,-0.007,y,1.30,0.001,4.166464009358606e-07;3.025733406047948e-07;-5.605169661748732e-08;3.025733406047948e-07;1.4419615581573453e-06;-6.892152271120722e-08;-5.605169661748732e-08;-6.892152271120722e-08;3.540205995022916e-08,1550140059049659,1550140059190162,113.07,0*06
wru,0,0.017,0.40,-30,-93*c1
wru,1,-0.041,0.42,-28,-100*c6
wru,2,-0.030,2.11,-48,-94*b9
wru,3,0.027,2.75,-44,-87*ac
wrx,104.91,0.023,0.120,-0.012,0.001,1.29,y,0*56
wrt,0.40,0.42,2.11,2.73*6f
wrz,0.023,0.120,-0.012,y,1.29,0.001,2.177889228960339e-07;2.684016635612352e-07;-5.6868120879016715e-08;2.684016635612352e-07;1.5248257341227145e-06;-1.3504845242096053e-07;-5.6868120879016715e-08;-1.3504845242096053e-07;2.8980466026951035e-08,1550140059162721,1550140059308573,104.91,0*2a
wru,0,0.010,0.40,-27,-91*7a
wru,1,-0.047,0.42,-25,-100*b3
wru,2,-0.038,2.11,-49,-93*f3
wru,3,0.028,2.73,-44,-85*3b
wrp,1550140059.318,-7.45,1.30,10.13,9.5,89.8,10.8,98.9,0*04
wrx,106.89,0.016,0.142,-0.019,0.002,1.29,y,0*ce
wrt,0.40,0.42,2.08,2.75*c4
wrz,0.016,0.142,-0.019,y,1.29,0.002,1.398075966108081e-07;2.98776740237372e-07;-2.2884517392185444e-08;2.98776740237372e-07;2.2079668724472867e-06;-2.95540104389147e-07;-2.2884517392185444e-08;-2.95540104389147e-07;4.683283449935516e-08,1550140059267620,1550140059428943,106.89,0*f0
wru,0,0.017,0.40,-26,-91*ad
wru,1,-0.061,0.42,-29,-98*36
wru,2,-0.052,2.08,-50,-92*31
wru,3,0.026,2.75,-42,-84*0b
wrx,107.47,0.023,0.144,-0.004,0.002,1.32,y,0*ad
wrt,0.40,0.42,2.19,2.74*35
wrz,0.023,0.144,-0.004,y,1.32,0.002,4.2639450725801e-07;5.131595912644116e-07;-4.7665565716670244e-08;5.131595912644116e-07;2.3612337827216834e-06;-6.08352408448809e-08;-4.7665565716670244e-08;-6.08352408448809e-08;2.441443669454202e-08,1550140059374522,1550140059558384,107.47,0*9c
wru,0,0.029,0.40,-26,-91*18
wru,1,-0.047,0.42,-28,-100*71
wru,2,-0.036,2.19,-47,-93*0d
wru,3,0.042,2.74,-45,-85*76
wrp,1550140059.546,-7.46,1.31,10.15,9.5,90.0,9.8,99.1,0*d1
wrx,111.00,0.031,0.158,0.002,0.002,1.33,y,0*22
wrt,0.40,0.42,2.27,2.75*ed
wrz,0.031,0.158,0.002,y,1.33,0.002,2.3826991935038677e-07;4.165844416093023e-07;1.1859302873062916e-08;4.165844416093023e-07;2.6779775907925796e-06;4.33259650378659e-08;1.1859302873062916e-08;4.33259650378659e-08;1.0190701615897524e-08,1550140059481995,1550140059679043,111.00,0*02
wru,0,0.035,0.40,-28,-93*51
wru,1,-0.049,0.42,-25,-99*f7
wru,2,-0.034,2.27,-50,-94*bd
wru,3,0.054,2.75,-46,-86*45
wrx,110.55,0.014,0.156,-0.005,0.002,1.32,n,0*dc
wrt,0.40,0.42,2.21,2.76*12
wrz,0.014,0.156,-0.005,n,1.32,0.002,2.3299801910070528e-07;1.085832650460361e-07;-1.637045698998918e-08;1.085832650460361e-07;2.6595648705551866e-06;-7.772450061338532e-08;-1.637045698998918e-08;-7.772450061338532e-08;1.6982946604571225e-08,1550140059592810,1550140059798352,110.55,0*af
wru,0,0.028,0.40,-27,-96*8a
wru,1,-0.050,0.42,-25,-100*b3
wru,2,-0.046,2.21,-47,-97*6a
wru,3,0.042,2.76,-39,-91*c4
wrp,1550140059.767,-7.46,1.32,10.19,9.5,89.9,9.2,99.4,0*c6
wrx,110.69,0.030,0.160,0.001,0.002,1.33,n,0*fe
wrt,0.41,0.42,2.22,2.76*6b
wrz,0.030,0.160,0.001,n,1.33,0.002,3.875366303418559e-07;2.8879338742626715e-07;-1.1881170491889748e-09;2.8879338742626715e-07;2.7347864488547202e-06;3.408382909242391e-08;-1.1881170491889748e-09;3.408382909242391e-08;1.8254752376378747e-08,1550140059703575,1550140059918582,110.69,0*07
wru,0,0.037,0.41,-28,-91*eb
wru,1,-0.049,0.42,-26,-98*56
wru,2,-0.032,2.22,-47,-92*65
wru,3,0.051,2.76,-46,-84*b8
wrx,102.51,0.025,0.143,-0.002,0.002,1.35,y,0*dd
wrt,0.41,0.42,2.34,2.73*59
wrz,0.025,0.143,-0.002,y,1.35,0.002,5.921774572925642e-07;5.509564289241098e-07;-9.838105086146243e-08;5.509564289241098e-07;2.6009520297520794e-06;-1.2894859935386194e-07;-9.838105086146243e-08;-1.2894859935386194e-07;5.6617139421177853e-08,1550140059814169,1550140060038654,102.51,0*c4
wru,0,0.029,0.41,-36,-90*4f
wru,1,-0.027,0.42,-28,-98*de
wru,2,-0.035,2.34,-48,-92*99
wru,3,0.044,2.73,-45,-84*49
wrp,1550140059.968,-7.46,1.34,10.22,9.5,90.0,8.9,99.2,0*2c
wrx,104.38,0.047,0.145,-0.009,0.002,1.33,y,0*0f
wrt,0.41,0.42,2.25,2.73*af
wrz,0.047,0.145,-0.009,y,1.33,0.002,3.42013919407691e-07;6.475876830336347e-07;-4.6083851401590437e-08;6.475876830336347e-07;2.2582762539968826e-06;-1.3942613463768794e-07;-4.6083851401590437e-08;-1.3942613463768794e-07;1.7705428234648934e-08,1550140059916783,1550140060158561,104.38,0*26
wru,0,0.016,0.41,-38,-91*4a
wru,1,-0.059,0.42,-27,-99*86
wru,2,-0.038,2.25,-44,-92*5b
wru,3,0.045,2.73,-45,-84*ac
wrx,105.41,0.053,0.140,-0.005,0.002,1.35,y,0*bd
wrt,0.41,0.44,2.36,2.71*47
wrz,0.053,0.140,-0.005,y,1.35,0.002,6.15548003679578e-07;8.217585900638369e-07;-7.020218362185915e-08;8.217585900638369e-07;2.2334572804538766e-06;-7.82411504474112e-08;-7.020218362185915e-08;-7.82411504474112e-08;2.9620247588013626e-08,1550140060021145,1550140060278637,105.41,0*b4
wru,0,0.017,0.41,-48,-91*70
wru,1,-0.053,0.44,-29,-100*f7
wru,2,-0.029,2.36,-47,-93*49
wru,3,0.049,2.71,-44,-85*9b
wrp,1550140060.192,-7.46,1.35,10.26,9.5,90.2,6.7,99.7,0*4a
wrx,106.82,0.034,0.126,-0.017,0.001,1.66,y,0*ba
wrt,1.66,0.42,2.36,2.78*fe
wrz,0.034,0.126,-0.017,y,1.66,0.001,3.3683946298879164e-07;4.775345701091283e-07;-7.402854862448294e-08;4.775345701091283e-07;1.8371745227341307e-06;-2.0957048718628357e-07;-7.402854862448294e-08;-2.0957048718628357e-07;4.7950639014970875e-08,1550140060126492,1550140060279835,106.82,0*54
wru,0,0.010,1.66,-53,-92*bf
wru,1,-0.060,0.42,-26,-100*ce
wru,2,-0.041,2.36,-46,-93*a1
wru,3,0.028,2.78,-43,-85*58
wrx,105.55,0.015,0.100,-0.017,0.001,1.36,y,0*14
wrt,0.41,0.44,2.36,2.76*52
wrz,0.015,0.100,-0.017,y,1.36,0.001,2.3284917460841825e-07;1.0890533275187408e-07;-7.183065520166565e-08;1.0890533275187408e-07;1.0982347475874121e-06;-1.5926181617942348e-07;-7.183065520166565e-08;-1.5926181617942348e-07;4.7529258750955705e-08,1550140060233430,1550140060398663,105.55,0*19
wru,0,0.004,0.41,-49,-92*86
wru,1,-0.047,0.44,-30,-100*96
wru,2,-0.039,2.36,-46,-94*8b
wru,3,0.015,2.76,-44,-87*32
wrp,1550140060.417,-7.47,1.36,10.29,9.5,88.8,8.4,100.2,0*26
wrx,107.93,0.013,0.114,-0.010,0.001,1.63,y,0*41
wrt,1.46,0.41,2.42,2.81*88
wrz,0.013,0.114,-0.010,y,1.63,0.001,1.3618976879570255e-07;1.6159390270331642e-07;-2.703742829623934e-08;1.6159390270331642e-07;1.4133914874037146e-06;-1.1510797293112773e-07;-2.703742829623934e-08;-1.1510797293112773e-07;1.9740639345400268e-08,1550140060339074,1550140060519065,107.93,0*fd
wru,0,0.018,1.46,-53,-93*55
wru,1,-0.043,0.41,-27,-99*48
wru,2,-0.037,2.42,-47,-94*78
wru,3,0.026,2.81,-42,-87*b7
wrx,109.93,0.021,0.115,-0.012,0.001,1.62,y,0*7a
wrt,1.43,0.41,2.47,2.76*d9
wrz,0.021,0.115,-0.012,y,1.62,0.001,1.66541511248397e-07;2.485542438535049e-07;-3.2598698851415975e-08;2.485542438535049e-07;1.4776034049646114e-06;-1.469118871000319e-07;-3.2598698851415975e-08;-1.469118871000319e-07;2.605537829936111e-08,1550140060447086,1550140060638589,109.93,0*ec
wru,0,0.014,1.43,-52,-95*1f
wru,1,-0.049,0.41,-28,-100*cd
wru,2,-0.037,2.47,-44,-97*4d
wru,3,0.026,2.76,-41,-89*05
wrp,1550140060.617,-7.47,1.37,10.31,9.5,89.4,8.0,100.5,0*d8
wrx,109.19,0.018,0.117,-0.013,0.001,1.58,y,0*77
wrt,1.29,0.41,2.38,2.82*b5
wrz,0.018,0.117,-0.013,y,1.58,0.001,1.597827008481545e-07;2.2553079759290995e-07;-1.5567719557907367e-08;2.2553079759290995e-07;1.6014665789043647e-06;-1.8061558648696519e-07;-1.5567719557907367e-08;-1.8061558648696519e-07;3.1568600178388806e-08,1550140060557006,1550140060759121,109.19,0*26
wru,0,0.016,1.29,-50,-96*5b
wru,1,-0.050,0.41,-28,-100*c9
wru,2,-0.038,2.38,-46,-98*9a
wru,3,0.025,2.82,-39,-91*73
wrx,109.05,0.010,0.100,-0.005,0.001,1.58,y,0*b3
wrt,1.26,0.41,2.42,2.81*ac
wrz,0.010,0.100,-0.005,y,1.58,0.001,1.0274270323407109e-07;1.4079780896736338e-07;-1.0874349420930685e-08;1.4079780896736338e-07;1.0887765711231623e-06;-4.427015554142599e-08;-1.0874349420930685e-08;-4.427015554142599e-08;9.4233598701976e-09,1550140060666180,1550140060878677,109.05,0*30
wru,0,0.019,1.26,-51,-89*20
wru,1,-0.033,0.41,-28,-98*7d
wru,2,-0.029,2.42,-44,-91*1d
wru,3,0.027,2.81,-44,-83*05
wrp,1550140060.842,-7.48,1.38,10.34,9.5,89.5,8.3,100.5,0*1e
wrx,104.69,0.014,0.072,-0.003,0.001,1.61,y,0*41
wrt,1.31,0.42,2.49,2.83*b7
wrz,0.014,0.072,-0.003,y,1.61,0.001,1.2363743451260234e-07;6.303952204689267e-08;-2.2719488512734642e-08;6.303952204689267e-08;6.565621788467979e-07;8.405773854747167e-09;-2.2719488512734642e-08;8.405773854747167e-09;1.545045158479752e-08,1550140060775255,1550140060998702,104.69,0*e3
wru,0,-0.006,1.31,-51,-95*dc
wru,1,-0.026,0.42,-26,-100*71
wru,2,-0.019,2.49,-49,-97*69
wru,3,0.021,2.83,-44,-89*91
wrx,105.69,0.009,0.041,-0.023,0.001,1.59,y,0*1c
wrt,1.30,0.42,2.44,2.78*85
wrz,0.009,0.041,-0.023,y,1.59,0.001,8.936898865385956e-08;3.850939478411419e-08;-2.0608851514225535e-08;3.850939478411419e-08;2.887077243940439e-07;-7.03071663110677e-08;-2.0608851514225535e-08;-7.03071663110677e-08;6.201833002705825e-08,1550140060879762,1550140061128576,105.69,0*49
wru,0,-0.011,1.30,-52,-96*0a
wru,1,-0.035,0.42,-25,-101*d7
wru,2,-0.029,2.44,-44,-98*33
wru,3,-0.009,2.78,-43,-91*16
wrp,1550140061.042,-7.48,1.39,10.37,9.5,89.5,8.2,101.5,0*38
wrx,104.88,0.022,0.026,-0.005,0.001,1.66,y,0*30
wrt,1.46,0.42,2.51,2.83*03
wrz,0.022,0.026,-0.005,y,1.66,0.001,4.510397104695585e-07;4.2724135340677094e-08;-4.451576174346883e-08;4.2724135340677094e-08;4.3823803252962534e-07;-3.6426353045015958e-09;-4.451576174346883e-08;-3.6426353045015958e-09;3.698984230027236e-08,1550140060985682,1550140061129613,104.88,0*62
wru,0,-0.004,1.46,-51,-95*66
wru,1,-0.017,0.42,-26,-102*cc
wru,2,-0.006,2.51,-43,-98*0d
wru,3,0.009,2.83,-43,-90*c2
wrx,105.88,0.002,-0.013,0.007,0.000,1.65,y,0*5c
wrt,1.46,0.42,2.51,2.80*0a
wrz,0.002,-0.013,0.007,y,1.65,0.000,4.697315247881306e-08;-7.433740289997104e-10;-2.769003470959319e-09;-7.433740289997104e-10;6.556033582683085e-08;-3.991639019318427e-09;-2.769003470959319e-09;-3.991639019318427e-09;9.43681044418554e-09,1550140061090555,1550140061248345,105.88,0*d2
wru,0,0.002,1.46,-50,-90*bf
wru,1,0.010,0.42,-26,-99*fe
wru,2,0.010,2.51,-42,-91*92
wru,3,0.004,2.80,-43,-83*10
wrp,1550140061.267,-7.49,1.39,10.38,9.5,89.3,8.7,101.2,0*01
wrx,110.59,-0.006,-0.017,0.018,0.000,1.66,y,0*cc
wrt,1.48,0.42,2.51,2.83*1f
wrz,-0.006,-0.017,0.018,y,1.66,0.000,4.769750816535634e-08;-1.2059220289017958e-08;-8.734176049074449e-09;-1.2059220289017958e-08;7.546008617964617e-08;-2.7608152208813408e-08;-8.734176049074449e-09;-2.7608152208813408e-08;3.549453353457466e-08,1550140061196279,1550140061368898,110.59,0*9f
wru,0,0.013,1.48,-51,-91*5a
wru,1,0.023,0.42,-26,-99*0e
wru,2,0.019,2.51,-42,-93*44
wru,3,0.011,2.83,-42,-85*26
wrx,105.26,-0.012,-0.016,0.042,0.000,1.66,y,0*c2
wrt,1.48,0.42,2.51,2.83*1f
wrz,-0.012,-0.016,0.042,y,1.66,0.000,8.083637936806554e-08;1.778795599705063e-08;-6.006193586927111e-08;1.778795599705063e-08;7.556450043466612e-08;-6.666384422260307e-08;-6.006193586927111e-08;-6.666384422260307e-08;1.8296341863788257e-07,1550140061307005,1550140061488527,105.26,0*f9
wru,0,0.038,1.48,-49,-90*15
wru,1,0.046,0.42,-25,-99*67
wru,2,0.040,2.51,-43,-92*96
wru,3,0.031,2.83,-41,-84*ea
wrp,1550140061.492,-7.49,1.39,10.37,9.5,89.6,9.7,101.3,0*f7
wrx,109.83,-0.018,-0.014,0.053,0.001,1.66,y,0*13
wrt,1.48,0.42,2.53,2.81*43
wrz,-0.018,-0.014,0.053,y,1.66,0.001,1.0475008593857638e-07;4.865092861905396e-08;-1.0362057878410269e-07;4.865092861905396e-08;8.511242555186982e-08;-7.189483852698686e-08;-1.0362057878410269e-07;-7.189483852698686e-08;2.9178784188843565e-07,1550140061412266,1550140061608829,109.83,0*87
wru,0,0.051,1.48,-52,-91*eb
wru,1,0.058,0.42,-28,-99*4b
wru,2,0.048,2.53,-45,-92*12
wru,3,0.040,2.81,-43,-84*3b
wrx,106.55,-0.015,0.005,0.074,0.001,1.66,y,0*ea
wrt,1.62,0.41,2.43,2.78*49
wrz,-0.015,0.005,0.074,y,1.66,0.001,1.0844863851389164e-07;1.1034349434169144e-08;-1.1000651767290037e-07;1.1034349434169144e-08;1.0351966750477004e-07;4.808038411852067e-08;-1.1000651767290037e-07;4.808038411852067e-08;5.460349825625599e-07,1550140061521854,1550140061728411,106.55,0*e7
wru,0,0.073,1.62,-51,-91*0e
wru,1,0.070,0.41,-25,-99*64
wru,2,0.062,2.43,-46,-92*41
wru,3,0.065,2.78,-43,-84*c0
wrp,1550140061.717,-7.49,1.39,10.36,9.5,90.4,9.9,101.3,0*b4
wrx,107.48,-0.006,0.012,0.101,0.001,1.65,y,0*16
wrt,1.60,0.40,2.41,2.80*fb
wrz,-0.006,0.012,0.101,y,1.65,0.001,1.943173515428498e-07;1.0823471541243634e-07;-5.865291186069044e-08;1.0823471541243634e-07;2.0737482486765657e-07;1.3401673015778215e-07;-5.865291186069044e-08;1.3401673015778215e-07;1.0568830930424156e-06,1550140061628636,1550140061848994,107.48,0*24
wru,0,0.100,1.60,-52,-92*7b
wru,1,0.092,0.40,-26,-99*72
wru,2,0.090,2.41,-47,-95*b8
wru,3,0.095,2.80,-43,-87*ef
wrx,109.03,-0.005,0.017,0.114,0.001,1.62,y,0*db
wrt,1.46,0.40,2.43,2.77*6f
wrz,-0.005,0.017,0.114,y,1.62,0.001,2.0517008181286656e-07;-7.953506298008506e-09;-8.916960325677792e-08;-7.953506298008506e-09;1.789733374835123e-07;1.8066927509607922e-07;-8.916960325677792e-08;1.8066927509607922e-07;1.299871883020387e-06,1550140061736107,1550140061978585,109.03,0*cc
wru,0,0.110,1.46,-51,-91*a0
wru,1,0.102,0.40,-28,-99*24
wru,2,0.099,2.43,-48,-94*a5
wru,3,0.108,2.77,-41,-86*53
wrp,1550140061.917,-7.48,1.39,10.36,9.5,90.9,10.0,99.8,0*cd
wrx,110.71,-0.018,-0.004,0.149,0.002,1.56,y,0*b1
wrt,1.30,0.39,2.40,2.73*5d
wrz,-0.018,-0.004,0.149,y,1.56,0.002,1.4063421360788197e-07;3.2146129314014615e-08;-2.7153669179824647e-07;3.2146129314014615e-08;1.161608977895412e-07;-7.084851461058861e-08;-2.7153669179824647e-07;-7.084851461058861e-08;2.2438771338784136e-06,1550140061844996,1550140062108617,110.71,0*40
wru,0,0.142,1.30,-51,-91*0c
wru,1,0.143,0.39,-26,-99*ee
wru,2,0.135,2.40,-44,-93*d1
wru,3,0.132,2.73,-41,-85*91
wrx,78.95,-0.001,-0.004,0.149,0.003,-1.00,n,0*ac
wrt,0.37,0.35,-1.00,0.37*cd
wrz,-0.001,-0.004,0.149,n,-1.00,0.003,7.015318260528147e-06;-5.4609049584541935e-06;4.4473696902969095e-07;-5.4609049584541935e-06;5.975012300041271e-06;-2.051650653811521e-07;4.4473696902969095e-07;-2.051650653811521e-07;2.373741835981491e-06,1550140061954999,1550140062109539,78.95,0*2e
wru,0,0.136,0.37,-55,-91*29
wru,1,0.138,0.35,-27,-100*5a
wru,2,0.000,0.37,-64,-94*f9
wru,3,0.136,0.37,-59,-85*c2
wrx,82.13,-0.007,0.007,0.158,0.005,-1.00,n,0*32
wrt,-1.00,0.35,0.35,0.37*69
wrz,-0.007,0.007,0.158,n,-1.00,0.005,1.1011294191121124e-05;-1.004980003926903e-05;-4.007305847153475e-07;-1.004980003926903e-05;1.0971230040013324e-05;3.876143637171481e-07;-4.007305847153475e-07;3.876143637171481e-07;2.692807356652338e-06,1550140062033942,1550140062238584,82.13,0*fe
wru,0,0.000,0.35,-60,-89*ea
wru,1,0.147,0.35,-33,-98*92
wru,2,0.143,0.35,-63,-91*c9
wru,3,0.147,0.37,-56,-83*07
wrp,1550140062.117,-7.46,1.39,10.36,9.5,91.8,10.3,98.5,0*0b
wrx,107.16,-0.012,0.007,0.172,0.002,1.48,n,0*72
wrt,1.30,0.34,2.24,2.61*b5
wrz,-0.012,0.007,0.172,n,1.48,0.002,1.0614294154720483e-07;-9.37555810764934e-09;-2.044339595386191e-07;-9.37555810764934e-09;9.102450349018909e-08;1.167401535440149e-07;-2.044339595386191e-07;1.167401535440149e-07;2.91371475213964e-06,1550140062116844,1550140062358536,107.16,0*1d
wru,0,0.163,1.30,-52,-91*22
wru,1,0.158,0.34,-25,-95*97
wru,2,0.153,2.24,-46,-91*68
wru,3,0.156,2.61,-40,-85*43
wrx,104.90,-0.013,-0.019,0.143,0.002,1.43,y,0*dd
wrt,1.22,0.33,2.12,2.60*75
wrz,-0.013,-0.019,0.143,y,1.43,0.002,2.0679642886989313e-07;7.972722926297138e-08;-2.0895534191822662e-07;7.972722926297138e-08;8.057808145167655e-07;-4.706229503881332e-07;-2.0895534191822662e-07;-4.706229503881332e-07;2.141222921636654e-06,1550140062223972,1550140062478608,104.90,0*3a
wru,0,0.132,1.22,-52,-91*32
wru,1,0.141,0.33,-28,-99*42
wru,2,0.135,2.12,-45,-93*8e
wru,3,0.124,2.60,-42,-85*31
wrp,1550140062.345,-7.44,1.39,10.36,9.5,91.9,11.2,97.5,0*bc
wrx,104.10,-0.015,0.002,0.137,0.001,1.42,y,0*bb
wrt,1.20,0.31,2.11,2.58*33
wrz,-0.015,0.002,0.137,y,1.42,0.001,2.881045872982213e-07;9.794954536346268e-08;-2.2415990486024384e-07;9.794954536346268e-08;2.751936847289471e-07;1.143853278762208e-08;-2.2415990486024384e-07;1.143853278762208e-08;1.9095602965535363e-06,1550140062328808,1550140062479949,104.10,0*de
wru,0,0.132,1.20,-52,-93*ce
wru,1,0.130,0.31,-27,-100*4e
wru,2,0.122,2.11,-46,-94*b6
wru,3,0.123,2.58,-42,-87*f3
wrx,107.80,-0.027,-0.006,0.131,0.001,1.49,y,0*f4
wrt,0.30,0.30,2.08,2.53*7c
wrz,-0.027,-0.006,0.131,y,1.49,0.001,1.9230765246902592e-07;3.1943041989279664e-08;-3.641216039795836e-07;3.1943041989279664e-08;1.2202464461097406e-07;-7.007697888639086e-08;-3.641216039795836e-07;-7.007697888639086e-08;1.7266920622205362e-06,1550140062433019,1550140062598540,107.80,0*66
wru,0,0.127,0.30,-51,-96*8b
wru,1,0.130,0.30,-26,-101*08
wru,2,0.115,2.08,-45,-97*a4
wru,3,0.112,2.53,-44,-91*c8
wrp,1550140062.567,-7.40,1.39,10.36,9.5,91.4,11.8,98.4,0*69
wrx,114.99,-0.014,0.013,0.159,0.002,1.40,y,0*fd
wrt,1.16,0.28,2.12,2.56*c6
wrz,-0.014,0.013,0.159,y,1.40,0.002,5.620926799565495e-07;-2.0662108113356226e-07;-2.4847972213137837e-07;-2.0662108113356226e-07;7.933762162792846e-07;8.228227699191848e-08;-2.4847972213137837e-07;8.228227699191848e-08;2.5404253847227665e-06,1550140062540753,1550140062718553,114.99,0*13
wru,0,0.152,1.16,-52,-90*d9
wru,1,0.148,0.28,-27,-98*8f
wru,2,0.136,2.12,-43,-92*ea
wru,3,0.146,2.56,-47,-84*08
wrp,1550140062.767,-7.38,1.39,10.36,9.5,89.7,12.7,96.9,0*73
wrx,188.79,-0.021,-0.001,0.167,0.002,1.93,y,0*e7
wrt,1.71,2.08,2.08,2.54*57
wrz,-0.021,-0.001,0.167,y,1.93,0.002,1.082533799490193e-06;-6.989853886807396e-07;-4.5441055362971383e-07;-6.989853886807396e-07;8.739820032133139e-07;2.6910019101933358e-08;-4.5441055362971383e-07;2.6910019101933358e-08;2.878097348002484e-06,1550140062656497,1550140062958296,188.79,0*38
wru,0,0.125,1.71,-54,-91*3d
wru,1,0.162,2.08,-57,-100*15
wru,2,0.150,2.08,-47,-92*d9
wru,3,0.149,2.54,-46,-84*10
wrx,185.55,-0.029,-0.003,0.158,0.002,1.90,y,0*21
wrt,1.68,2.05,2.07,2.50*5c
wrz,-0.029,-0.003,0.158,y,1.90,0.002,1.4610527898639702e-07;-3.212053201195886e-08;-4.650888456581015e-07;-3.212053201195886e-08;1.3404729770627455e-07;-2.2346139161300016e-08;-4.650888456581015e-07;-2.2346139161300016e-08;2.5225917852367274e-06,1550140062844801,1550140063078600,185.55,0*35
wru,0,0.179,1.68,-54,-91*22
wru,1,0.155,2.05,-56,-100*be
wru,2,0.139,2.07,-42,-93*f5
wru,3,0.138,2.50,-45,-85*b5
wrp,1550140063.092,-7.32,1.39,10.36,9.5,90.1,11.8,96.9,0*77
wrx,104.05,-0.022,-0.002,0.125,0.001,1.34,y,0*c1
wrt,1.04,0.31,2.02,2.49*91
wrz,-0.022,-0.002,0.125,y,1.34,0.001,1.323135592201652e-07;1.8195784434738016e-08;-2.8394336482051585e-07;1.8195784434738016e-08;8.335204881859681e-08;-3.01811162728427e-08;-2.8394336482051585e-07;-3.01811162728427e-08;1.6065757790784119e-06,1550140063030028,1550140063198643,104.05,0*c7
wru,0,0.122,1.04,-48,-93*bc
wru,1,0.123,0.31,-41,-100*ae
wru,2,0.112,2.02,-48,-95*d8
wru,3,0.110,2.49,-45,-87*3b
wrx,103.82,0.046,-0.010,0.119,0.005,1.66,y,0*b9
wrt,1.03,-1.00,2.01,2.42*2a
wrz,0.046,-0.010,0.119,y,1.66,0.005,2.54056321864482e-05;3.291667667326692e-07;-6.69553173793247e-06;3.291667667326692e-07;5.905298507968837e-07;-1.7916735828293895e-07;-6.69553173793247e-06;-1.7916735828293895e-07;3.6084052226215135e-06,1550140063134319,1550140063318705,103.82,0*64
wru,0,0.096,1.03,-45,-91*da
wru,1,0.000,0.37,-50,-99*5a
wru,2,0.127,2.01,-44,-93*77
wru,3,0.122,2.42,-44,-85*08
wrp,1550140063.292,-7.29,1.39,10.36,9.5,91.3,10.6,95.7,0*ac
wrx,107.68,-0.018,-0.031,0.145,0.001,1.70,y,0*c0
wrt,0.87,2.15,1.99,2.41*88
wrz,-0.018,-0.031,0.145,y,1.70,0.001,5.436507422018622e-07;-1.6984644446438324e-07;-3.299515469734615e-07;-1.6984644446438324e-07;7.154623062888277e-07;-3.2892282320062805e-07;-3.299515469734615e-07;-3.2892282320062805e-07;2.0781365037692012e-06,1550140063238162,1550140063438920,107.68,0*68
wru,0,0.089,0.87,-47,-96*c1
wru,1,0.145,2.15,-55,-100*d8
wru,2,0.134,1.99,-47,-98*7a
wru,3,0.119,2.41,-45,-91*25
wrx,107.86,-0.024,-0.019,0.137,0.001,1.67,y,0*c0
wrt,0.85,2.16,1.94,2.36*11
wrz,-0.024,-0.019,0.137,y,1.67,0.001,2.8421820275070786e-07;-2.967967560607576e-08;-3.569800242075871e-07;-2.967967560607576e-08;2.037947552935293e-07;-2.5497033107058087e-07;-3.569800242075871e-07;-2.5497033107058087e-07;1.8779714991978835e-06,1550140063345355,1550140063558576,107.86,0*18
wru,0,0.123,0.85,-52,-90*c9
wru,1,0.139,2.16,-53,-98*ea
wru,2,0.124,1.94,-45,-92*66
wru,3,0.115,2.36,-45,-84*fc
wrp,1550140063.517,-7.26,1.39,10.35,9.5,90.7,8.8,95.3,0*9a
wrx,109.98,-0.013,-0.027,0.109,0.001,1.57,y,0*9f
wrt,0.48,2.15,1.92,2.31*81
wrz,-0.013,-0.027,0.109,y,1.57,0.001,1.6382882961352152e-07;5.864249974507629e-09;-1.711195096731899e-07;5.864249974507629e-09;1.5407240994136373e-07;-2.718016389735567e-07;-1.711195096731899e-07;-2.718016389735567e-07;1.1612030448304722e-06,1550140063453615,1550140063678623,109.98,0*e2
wru,0,0.093,0.48,-46,-94*af
wru,1,0.110,2.15,-52,-100*62
wru,2,0.103,1.92,-46,-95*1c
wru,3,0.088,2.31,-44,-88*93
wrx,102.60,-0.005,0.016,0.105,0.001,1.75,y,0*78
wrt,1.31,2.14,1.91,2.30*0c
wrz,-0.005,0.016,0.105,y,1.75,0.001,4.942559073128905e-08;-3.481784460745985e-08;-5.724842822019127e-08;-3.481784460745985e-08;7.314713457162725e-08;1.68404952205492e-07;-5.724842822019127e-08;1.68404952205492e-07;1.1045126484532375e-06,1550140063563731,1550140063808507,102.60,0*cd
wru,0,0.103,1.31,-51,-96*5f
wru,1,0.094,2.14,-53,-100*e7
wru,2,0.091,1.91,-46,-98*7d
wru,3,0.100,2.30,-42,-91*07
wrp,1550140063.744,-7.23,1.39,10.35,9.5,90.1,6.9,94.8,0*31
wrx,109.69,-0.010,0.012,0.101,0.001,1.43,y,0*44
wrt,0.45,0.38,1.96,2.29*fe
wrz,-0.010,0.012,0.101,y,1.43,0.001,1.4784097857045708e-07;4.2059694616014554e-10;-8.772306614446279e-08;4.2059694616014554e-10;1.658718105090884e-07;1.0506403924637198e-07;-8.772306614446279e-08;1.0506403924637198e-07;1.0538545893723494e-06,1550140063666091,1550140063928865,109.69,0*f6
wru,0,0.100,0.45,-51,-91*c3
wru,1,0.094,0.38,-53,-99*ce
wru,2,0.087,1.96,-46,-92*c6
wru,3,0.095,2.29,-43,-85*c0
wrx,106.22,-0.031,0.006,0.087,0.001,1.42,y,0*f2
wrt,0.44,0.37,1.94,2.28*0c
wrz,-0.031,0.006,0.087,y,1.42,0.001,1.7904640969845786e-07;2.7798760626751573e-08;-2.7162286642123945e-07;2.7798760626751573e-08;8.779089455401845e-08;4.657313468214852e-08;-2.7162286642123945e-07;4.657313468214852e-08;7.745450147922384e-07,1550140063775771,1550140063929932,106.22,0*fb
wru,0,0.091,0.44,-46,-90*5c
wru,1,0.089,0.37,-52,-99*f5
wru,2,0.071,1.94,-44,-92*11
wru,3,0.075,2.28,-47,-84*35
wrp,1550140063.944,-7.21,1.39,10.36,9.5,90.8,6.9,93.8,0*21
wrx,107.65,-0.025,-0.027,0.072,0.001,1.56,y,0*f0
wrt,0.40,2.24,1.90,2.28*11
wrz,-0.025,-0.027,0.072,y,1.56,0.001,2.847558562280028e-07;4.831712985264858e-08;-1.641363525095585e-07;4.831712985264858e-08;2.897519095768075e-07;-1.9063767808802368e-07;-1.641363525095585e-07;-1.9063767808802368e-07;5.28336499883153e-07,1550140063882094,1550140064048940,107.65,0*96
wru,0,0.065,0.40,-44,-92*59
wru,1,0.080,2.24,-58,-100*2a
wru,2,0.067,1.90,-46,-94*c1
wru,3,0.052,2.28,-49,-86*b1
